const short reuben1dungeon_map[40][36] = {
{ 26, 26, 26, 26, 26, 26, 26, 26, 26, 26, 26, 26, 26, 26, 26, 26, 
26, 26, 26, 26, 26, 26, 26, 26, 26, 26, 26, 26, 26, 26, 26, 26, 
26, 26, 26, 26 },
{ 26, 26, 26, 26, 26, 26, 28, 26, 28, 26, 28, 26, 26, 28, 28, 28, 
28, 28, 28, 28, 28, 28, 28, 26, 26, 26, 26, 26, 26, 26, 26, 26, 
26, 26, 26, 26 },
{ 26, 26, 26, 26, 26, 43, 33, 75, 33, 75, 33, 59, 43, 33, 33, 33, 
33, 33, 33, 33, 33, 33, 33, 26, 26, 26, 26, 26, 26, 26, 26, 26, 
26, 26, 26, 26 },
{ 26, 26, 26, 26, 43, 33, 17, 33, 17, 33, 17, 33, 33, 33, 65, 33, 
33, 65, 33, 33, 65, 33, 33, 26, 26, 26, 26, 26, 26, 26, 26, 26, 
26, 26, 26, 26 },
{ 26, 26, 26, 43, 33, 17, 33, 18, 33, 17, 33, 26, 26, 33, 33, 33, 
33, 33, 33, 33, 33, 33, 33, 26, 26, 26, 26, 26, 26, 26, 26, 26, 
26, 26, 26, 26 },
{ 26, 26, 26, 33, 17, 33, 17, 33, 17, 33, 26, 26, 26, 33, 65, 33, 
33, 65, 33, 33, 65, 33, 33, 26, 26, 26, 26, 26, 26, 26, 26, 26, 
26, 26, 26, 26 },
{ 26, 26, 26, 26, 33, 26, 33, 26, 33, 26, 26, 26, 26, 33, 33, 33, 
33, 33, 33, 33, 33, 33, 33, 26, 26, 26, 26, 26, 26, 26, 26, 26, 
26, 26, 26, 26 },
{ 26, 26, 26, 26, 26, 26, 26, 26, 26, 26, 26, 26, 26, 26, 26, 26, 
26, 33, 26, 26, 26, 26, 26, 26, 26, 26, 26, 26, 26, 26, 26, 26, 
26, 26, 26, 26 },
{ 26, 26, 26, 26, 26, 26, 26, 26, 26, 26, 26, 26, 26, 28, 28, 28, 
43, 33, 59, 28, 28, 28, 28, 26, 26, 26, 26, 26, 28, 28, 28, 26, 
26, 26, 26, 26 },
{ 26, 26, 26, 26, 26, 26, 26, 26, 26, 26, 26, 26, 26, 75, 33, 33, 
33, 33, 33, 75, 33, 33, 33, 26, 26, 26, 28, 43, 33, 33, 33, 59, 
28, 26, 26, 26 },
{ 26, 26, 26, 26, 26, 26, 26, 26, 26, 26, 26, 26, 26, 51, 33, 75, 
65, 33, 33, 51, 33, 75, 33, 28, 28, 43, 33, 33, 33, 26, 33, 33, 
33, 59, 26, 26 },
{ 26, 26, 26, 26, 26, 26, 26, 26, 26, 26, 26, 26, 26, 33, 33, 51, 
33, 75, 65, 33, 33, 51, 33, 33, 33, 33, 33, 26, 26, 26, 26, 26, 
33, 33, 26, 26 },
{ 26, 26, 26, 26, 26, 26, 26, 26, 26, 26, 26, 26, 26, 75, 33, 33, 
33, 51, 33, 75, 33, 33, 65, 26, 26, 26, 33, 59, 26, 26, 26, 43, 
33, 26, 26, 26 },
{ 26, 26, 26, 26, 26, 26, 26, 26, 26, 26, 26, 26, 26, 51, 33, 75, 
33, 33, 33, 51, 33, 75, 33, 26, 26, 26, 33, 33, 59, 28, 43, 33, 
33, 26, 26, 26 },
{ 26, 26, 26, 26, 26, 26, 26, 26, 26, 26, 26, 26, 26, 33, 33, 51, 
33, 75, 33, 33, 33, 51, 33, 26, 26, 26, 26, 33, 33, 33, 33, 33, 
26, 26, 26, 26 },
{ 26, 26, 26, 26, 26, 26, 26, 26, 26, 26, 26, 26, 26, 26, 26, 26, 
26, 26, 26, 26, 26, 26, 26, 26, 26, 26, 26, 26, 26, 33, 26, 26, 
26, 26, 26, 26 },
{ 26, 26, 26, 26, 26, 26, 26, 26, 26, 26, 26, 26, 26, 26, 26, 26, 
26, 26, 26, 28, 26, 28, 28, 28, 28, 28, 28, 28, 26, 33, 26, 26, 
26, 26, 26, 26 },
{ 26, 26, 26, 26, 26, 26, 26, 26, 26, 26, 26, 26, 26, 28, 28, 28, 
26, 28, 26, 33, 26, 33, 33, 33, 33, 33, 33, 33, 26, 33, 26, 26, 
26, 26, 26, 26 },
{ 26, 26, 26, 26, 26, 26, 26, 26, 26, 26, 26, 26, 26, 33, 33, 33, 
75, 33, 26, 33, 26, 33, 26, 26, 26, 33, 26, 33, 26, 33, 26, 26, 
26, 26, 26, 26 },
{ 26, 26, 26, 26, 26, 26, 26, 26, 26, 26, 26, 26, 26, 33, 26, 33, 
33, 33, 26, 33, 75, 33, 26, 26, 26, 33, 26, 33, 26, 33, 26, 26, 
26, 26, 26, 26 },
{ 26, 26, 26, 26, 26, 26, 26, 26, 26, 26, 26, 26, 26, 33, 26, 26, 
26, 33, 75, 33, 33, 33, 26, 26, 26, 33, 26, 26, 26, 33, 26, 26, 
26, 26, 26, 26 },
{ 26, 26, 26, 26, 26, 26, 26, 26, 26, 26, 26, 26, 26, 33, 59, 28, 
26, 33, 33, 33, 26, 33, 26, 26, 26, 33, 59, 28, 43, 33, 26, 26, 
26, 26, 26, 26 },
{ 26, 26, 26, 26, 26, 26, 26, 26, 26, 26, 26, 26, 26, 33, 33, 33, 
26, 33, 33, 33, 26, 26, 26, 26, 26, 33, 33, 33, 33, 33, 26, 26, 
26, 26, 26, 26 },
{ 26, 26, 26, 26, 26, 26, 26, 26, 26, 26, 26, 26, 26, 26, 26, 33, 
26, 26, 26, 26, 26, 26, 26, 26, 26, 26, 26, 26, 26, 26, 26, 26, 
26, 26, 26, 26 },
{ 26, 26, 26, 26, 26, 26, 26, 26, 26, 26, 26, 26, 26, 28, 26, 33, 
26, 26, 26, 26, 28, 28, 28, 26, 26, 26, 26, 26, 26, 26, 26, 26, 
26, 26, 26, 26 },
{ 26, 28, 28, 28, 28, 28, 28, 28, 28, 28, 28, 26, 26, 33, 26, 33, 
59, 28, 28, 26, 33, 33, 33, 26, 26, 26, 26, 26, 26, 26, 26, 26, 
26, 26, 26, 26 },
{ 26, 33, 33, 33, 33, 33, 33, 33, 33, 33, 33, 59, 43, 33, 26, 33, 
33, 33, 33, 75, 33, 26, 33, 26, 26, 26, 26, 26, 26, 26, 26, 26, 
26, 26, 26, 26 },
{ 26, 33, 33, 59, 28, 28, 28, 28, 43, 33, 33, 33, 33, 33, 26, 33, 
26, 26, 33, 33, 33, 26, 33, 26, 26, 26, 26, 26, 26, 26, 26, 26, 
26, 26, 26, 26 },
{ 26, 33, 33, 51, 51, 51, 51, 51, 51, 33, 33, 33, 33, 33, 26, 26, 
26, 26, 26, 26, 26, 26, 33, 26, 26, 26, 26, 26, 26, 26, 26, 26, 
26, 26, 26, 26 },
{ 26, 33, 33, 51, 51, 51, 51, 51, 51, 33, 33, 26, 26, 33, 59, 28, 
28, 28, 28, 28, 28, 43, 33, 26, 26, 26, 26, 26, 26, 26, 26, 26, 
26, 26, 26, 26 },
{ 26, 33, 33, 33, 33, 33, 33, 33, 33, 33, 33, 26, 26, 33, 33, 33, 
33, 33, 33, 33, 33, 33, 33, 26, 26, 26, 26, 26, 26, 26, 26, 26, 
26, 26, 26, 26 },
{ 26, 26, 33, 33, 33, 33, 33, 33, 33, 33, 26, 26, 26, 26, 26, 26, 
26, 26, 26, 26, 26, 26, 26, 26, 26, 26, 26, 26, 26, 26, 26, 26, 
26, 26, 26, 26 },
{ 26, 43, 33, 33, 33, 33, 33, 33, 33, 33, 59, 26, 26, 26, 26, 26, 
26, 26, 26, 26, 26, 26, 26, 26, 26, 26, 26, 26, 26, 26, 26, 26, 
26, 26, 26, 26 },
{ 26, 33, 33, 26, 26, 33, 33, 26, 26, 33, 33, 26, 26, 26, 26, 26, 
26, 26, 26, 26, 26, 26, 26, 26, 26, 26, 26, 26, 26, 26, 26, 26, 
26, 26, 26, 26 },
{ 26, 33, 33, 26, 43, 33, 33, 59, 26, 33, 33, 26, 26, 26, 26, 26, 
26, 26, 26, 26, 26, 26, 26, 26, 26, 26, 26, 26, 26, 26, 26, 26, 
26, 26, 26, 26 },
{ 26, 33, 33, 26, 33, 33, 33, 33, 26, 33, 33, 26, 26, 26, 26, 26, 
26, 26, 26, 26, 26, 26, 26, 26, 26, 26, 26, 26, 26, 26, 26, 26, 
26, 26, 26, 26 },
{ 26, 33, 33, 75, 33, 33, 33, 33, 75, 33, 33, 26, 26, 26, 26, 26, 
26, 26, 26, 26, 26, 26, 26, 26, 26, 26, 26, 26, 26, 26, 26, 26, 
26, 26, 26, 26 },
{ 26, 33, 33, 33, 33, 33, 36, 40, 33, 33, 33, 26, 26, 26, 26, 26, 
26, 26, 26, 26, 26, 26, 26, 26, 26, 26, 26, 26, 26, 26, 26, 26, 
26, 26, 26, 26 },
{ 26, 26, 26, 26, 26, 3, 3, 26, 26, 26, 26, 26, 26, 26, 26, 26, 
26, 26, 26, 26, 26, 26, 26, 26, 26, 26, 26, 26, 26, 26, 26, 26, 
26, 26, 26, 26 },
{ 26, 26, 26, 26, 26, 26, 26, 26, 26, 26, 26, 26, 26, 26, 26, 26, 
26, 26, 26, 26, 26, 26, 26, 26, 26, 26, 26, 26, 26, 26, 26, 26, 
26, 26, 26, 26 }
};

