const short reuben1eastcave_map[24][36] = {
{ 26, 26, 26, 22, 26, 26, 26, 26, 26, 26, 26, 26, 26, 26, 26, 22, 
26, 26, 22, 26, 26, 22, 23, 21, 22, 22, 22, 22, 22, 26, 26, 26, 
26, 52, 26, 26 },
{ 26, 26, 23, 17, 21, 22, 22, 26, 26, 26, 26, 26, 26, 26, 23, 17, 
21, 23, 17, 21, 23, 17, 17, 17, 17, 17, 17, 17, 17, 25, 26, 26, 
26, 37, 26, 26 },
{ 26, 41, 17, 17, 17, 17, 17, 21, 22, 26, 26, 26, 26, 27, 17, 17, 
17, 17, 17, 17, 17, 17, 57, 38, 38, 38, 56, 17, 17, 21, 26, 52, 
23, 118, 26, 26 },
{ 26, 23, 17, 17, 17, 17, 17, 17, 17, 21, 26, 26, 26, 23, 17, 17, 
17, 57, 38, 56, 84, 84, 9, 10, 11, 12, 56, 17, 17, 9, 26, 38, 
56, 84, 21, 26 },
{ 27, 17, 17, 17, 17, 18, 17, 17, 17, 17, 25, 26, 41, 17, 17, 17, 
17, 57, 12, 37, 38, 38, 26, 26, 27, 12, 56, 17, 17, 21, 23, 119, 
37, 38, 38, 26 },
{ 26, 11, 17, 17, 17, 17, 17, 17, 17, 17, 25, 26, 27, 17, 17, 17, 
17, 57, 12, 12, 12, 12, 52, 26, 27, 12, 25, 11, 17, 17, 17, 57, 
12, 12, 12, 25 },
{ 26, 26, 10, 11, 17, 17, 17, 17, 17, 17, 21, 26, 26, 11, 17, 17, 
9, 10, 27, 12, 12, 12, 37, 26, 41, 12, 25, 26, 11, 17, 17, 9, 
10, 27, 10, 26 },
{ 26, 26, 26, 26, 11, 17, 17, 17, 17, 17, 17, 25, 26, 27, 17, 9, 
26, 26, 26, 27, 12, 12, 12, 25, 27, 12, 25, 26, 26, 11, 17, 25, 
26, 26, 26, 26 },
{ 26, 26, 22, 26, 41, 17, 17, 17, 17, 17, 17, 25, 26, 41, 17, 25, 
26, 26, 26, 26, 27, 12, 12, 25, 27, 12, 52, 52, 26, 41, 17, 21, 
22, 26, 26, 26 },
{ 22, 23, 17, 21, 23, 17, 9, 10, 11, 84, 84, 25, 26, 27, 17, 25, 
26, 26, 26, 26, 26, 10, 27, 26, 41, 12, 37, 38, 26, 27, 17, 17, 
17, 21, 26, 26 },
{ 17, 17, 17, 17, 17, 17, 25, 26, 23, 57, 38, 26, 26, 41, 17, 21, 
26, 22, 22, 22, 22, 26, 26, 26, 27, 12, 12, 12, 52, 26, 11, 17, 
17, 17, 25, 26 },
{ 17, 17, 84, 17, 17, 17, 21, 23, 57, 39, 10, 26, 26, 23, 17, 17, 
25, 11, 17, 17, 17, 21, 26, 26, 41, 12, 12, 12, 37, 52, 27, 17, 
17, 17, 21, 26 },
{ 38, 38, 56, 84, 17, 17, 57, 38, 39, 12, 25, 26, 27, 17, 17, 9, 
26, 27, 17, 97, 17, 17, 21, 26, 27, 12, 12, 12, 12, 37, 26, 11, 
17, 17, 17, 25 },
{ 12, 12, 37, 38, 38, 38, 39, 12, 12, 12, 52, 26, 41, 17, 17, 21, 
22, 23, 17, 17, 17, 17, 17, 21, 52, 12, 12, 12, 12, 12, 52, 26, 
11, 17, 17, 25 },
{ 12, 12, 12, 12, 12, 12, 12, 12, 12, 12, 37, 52, 23, 17, 17, 17, 
17, 17, 17, 17, 17, 57, 38, 38, 39, 12, 12, 12, 12, 12, 37, 26, 
27, 17, 9, 26 },
{ 12, 12, 12, 12, 12, 12, 12, 12, 12, 12, 12, 37, 38, 38, 38, 38, 
38, 38, 38, 38, 38, 39, 12, 12, 12, 12, 12, 12, 12, 12, 12, 25, 
41, 17, 25, 26 },
{ 12, 12, 12, 12, 12, 12, 12, 12, 12, 12, 12, 12, 12, 12, 12, 12, 
12, 117, 118, 118, 118, 118, 118, 118, 118, 118, 118, 118, 118, 118, 119, 25, 
41, 17, 21, 26 },
{ 12, 12, 12, 12, 12, 12, 12, 12, 12, 12, 12, 12, 12, 12, 12, 117, 
118, 17, 17, 17, 17, 17, 17, 17, 17, 17, 17, 17, 17, 17, 57, 25, 
41, 17, 17, 25 },
{ 118, 118, 118, 118, 118, 118, 118, 118, 118, 118, 118, 118, 118, 118, 118, 17, 
17, 17, 17, 17, 89, 17, 88, 17, 17, 17, 17, 17, 17, 17, 9, 26, 
26, 11, 17, 21 },
{ 17, 17, 17, 17, 17, 17, 17, 17, 17, 17, 17, 17, 17, 17, 17, 17, 
17, 57, 52, 22, 23, 17, 20, 38, 38, 56, 17, 17, 17, 17, 21, 26, 
26, 41, 17, 57 },
{ 38, 38, 38, 38, 38, 38, 38, 38, 38, 38, 38, 38, 38, 38, 56, 17, 
17, 17, 54, 87, 17, 17, 2, 12, 12, 56, 17, 17, 17, 17, 17, 21, 
26, 23, 17, 57 },
{ 12, 12, 12, 12, 12, 12, 12, 12, 12, 12, 12, 12, 12, 12, 37, 38, 
56, 17, 17, 9, 10, 11, 12, 12, 12, 56, 17, 17, 17, 17, 17, 17, 
23, 17, 17, 57 },
{ 12, 12, 12, 12, 12, 12, 12, 12, 12, 12, 12, 12, 12, 12, 12, 12, 
37, 56, 17, 21, 52, 52, 12, 12, 12, 56, 17, 17, 17, 17, 17, 17, 
17, 17, 17, 57 },
{ 12, 12, 12, 12, 12, 12, 12, 12, 12, 12, 12, 12, 12, 12, 12, 12, 
12, 37, 38, 39, 37, 39, 12, 12, 12, 37, 38, 38, 38, 38, 38, 38, 
38, 38, 38, 39 }
};

