const short reuben1rightfinala_map[48][24] = {
{ 42, 107, 107, 107, 107, 107, 107, 107, 107, 107, 107, 107, 107, 107, 107, 107, 
107, 107, 107, 107, 44, 26, 26, 26 },
{ 58, 123, 123, 123, 123, 123, 123, 123, 123, 123, 123, 123, 123, 123, 123, 123, 
123, 123, 123, 123, 106, 44, 26, 26 },
{ 58, 33, 33, 33, 33, 33, 33, 33, 33, 33, 33, 33, 33, 33, 33, 33, 
33, 33, 33, 33, 122, 106, 44, 26 },
{ 58, 33, 90, 91, 91, 91, 91, 91, 91, 91, 91, 91, 91, 92, 33, 33, 
33, 33, 33, 33, 33, 122, 60, 26 },
{ 58, 33, 106, 107, 107, 107, 107, 107, 107, 107, 107, 44, 26, 58, 33, 33, 
33, 33, 65, 33, 33, 33, 60, 26 },
{ 58, 33, 122, 123, 123, 123, 123, 123, 123, 123, 123, 60, 26, 74, 92, 33, 
33, 33, 33, 33, 33, 90, 76, 26 },
{ 58, 33, 33, 33, 33, 33, 33, 33, 33, 33, 33, 60, 26, 26, 74, 92, 
33, 33, 33, 33, 90, 76, 26, 26 },
{ 74, 91, 91, 91, 91, 91, 91, 93, 33, 33, 33, 60, 26, 26, 26, 74, 
91, 91, 91, 91, 76, 26, 26, 26 },
{ 26, 26, 42, 107, 44, 26, 26, 58, 33, 33, 33, 60, 26, 26, 26, 26, 
26, 26, 26, 26, 26, 26, 26, 26 },
{ 42, 107, 108, 114, 106, 107, 107, 108, 33, 33, 33, 60, 26, 26, 26, 26, 
26, 26, 26, 26, 26, 26, 26, 26 },
{ 58, 123, 124, 33, 122, 123, 123, 124, 33, 33, 33, 60, 26, 26, 26, 26, 
26, 26, 26, 26, 26, 26, 26, 26 },
{ 58, 33, 33, 33, 33, 33, 33, 33, 33, 33, 33, 60, 26, 26, 26, 26, 
26, 26, 26, 26, 26, 26, 26, 26 },
{ 58, 33, 33, 33, 33, 33, 33, 33, 33, 33, 33, 60, 26, 26, 26, 26, 
26, 26, 26, 26, 26, 26, 26, 26 },
{ 74, 91, 91, 91, 91, 91, 91, 92, 33, 33, 33, 60, 26, 26, 26, 26, 
26, 26, 26, 26, 26, 26, 26, 26 },
{ 26, 26, 26, 26, 26, 26, 26, 58, 33, 33, 33, 60, 26, 26, 26, 26, 
26, 26, 26, 26, 26, 26, 26, 26 },
{ 26, 26, 26, 26, 26, 26, 26, 58, 33, 33, 33, 60, 26, 26, 26, 26, 
26, 26, 26, 26, 26, 26, 26, 26 },
{ 26, 26, 26, 26, 26, 26, 26, 58, 33, 33, 33, 60, 26, 26, 26, 26, 
26, 26, 26, 26, 26, 26, 26, 26 },
{ 107, 107, 107, 107, 107, 107, 107, 108, 33, 33, 33, 60, 26, 26, 26, 26, 
26, 26, 26, 26, 26, 26, 26, 26 },
{ 123, 123, 123, 123, 123, 123, 123, 124, 33, 33, 33, 60, 26, 26, 26, 26, 
26, 26, 26, 26, 26, 26, 26, 26 },
{ 33, 33, 33, 33, 33, 33, 33, 33, 33, 33, 33, 60, 26, 26, 26, 26, 
26, 26, 26, 26, 26, 26, 26, 26 },
{ 33, 33, 33, 33, 33, 33, 33, 33, 33, 33, 33, 60, 26, 26, 26, 26, 
26, 26, 26, 26, 26, 26, 26, 26 },
{ 91, 91, 91, 91, 91, 91, 91, 92, 33, 33, 33, 60, 26, 26, 26, 26, 
26, 26, 26, 26, 26, 26, 26, 26 },
{ 26, 26, 26, 26, 26, 26, 26, 58, 33, 33, 33, 60, 26, 26, 26, 26, 
26, 26, 26, 26, 26, 26, 26, 26 },
{ 26, 26, 26, 26, 26, 26, 26, 58, 33, 33, 33, 60, 26, 26, 26, 26, 
26, 26, 26, 26, 26, 26, 26, 26 },
{ 26, 42, 107, 107, 107, 107, 44, 58, 33, 33, 33, 60, 26, 42, 107, 107, 
107, 107, 107, 107, 107, 107, 44, 26 },
{ 42, 108, 123, 123, 123, 123, 106, 108, 33, 33, 33, 60, 26, 58, 123, 123, 
123, 123, 123, 123, 123, 123, 60, 26 },
{ 58, 124, 33, 33, 33, 33, 122, 124, 33, 90, 91, 76, 26, 58, 2, 2, 
2, 2, 2, 17, 2, 2, 60, 26 },
{ 58, 33, 33, 33, 33, 33, 33, 33, 33, 106, 107, 44, 26, 58, 2, 2, 
17, 2, 2, 2, 2, 2, 60, 26 },
{ 58, 33, 33, 33, 33, 33, 33, 33, 33, 122, 123, 106, 107, 108, 17, 17, 
17, 17, 2, 17, 2, 2, 60, 26 },
{ 58, 33, 33, 33, 33, 33, 33, 33, 33, 33, 33, 122, 123, 124, 17, 17, 
17, 17, 17, 2, 2, 2, 60, 26 },
{ 74, 93, 33, 33, 33, 77, 91, 91, 91, 93, 33, 33, 33, 33, 17, 17, 
17, 17, 17, 2, 2, 2, 60, 26 },
{ 26, 74, 92, 33, 90, 76, 42, 107, 44, 74, 91, 91, 91, 91, 91, 91, 
91, 91, 91, 91, 91, 91, 76, 26 },
{ 26, 42, 108, 33, 106, 44, 58, 123, 60, 26, 26, 26, 26, 26, 26, 26, 
26, 26, 26, 26, 26, 26, 26, 26 },
{ 42, 108, 124, 33, 122, 106, 108, 51, 60, 26, 26, 26, 26, 26, 26, 26, 
26, 26, 26, 26, 26, 26, 26, 26 },
{ 58, 124, 33, 33, 33, 122, 124, 113, 60, 26, 26, 26, 26, 26, 26, 26, 
26, 26, 26, 26, 26, 26, 26, 26 },
{ 58, 33, 33, 33, 33, 33, 33, 33, 60, 26, 26, 26, 26, 26, 26, 26, 
26, 26, 26, 26, 26, 26, 26, 26 },
{ 58, 33, 33, 128, 33, 33, 33, 33, 106, 107, 44, 26, 26, 26, 26, 26, 
26, 26, 26, 26, 26, 26, 26, 26 },
{ 74, 92, 33, 33, 33, 33, 33, 33, 122, 123, 60, 26, 26, 26, 26, 26, 
26, 26, 26, 26, 26, 26, 26, 26 },
{ 26, 74, 91, 91, 91, 91, 92, 33, 33, 33, 106, 44, 26, 26, 26, 26, 
26, 26, 26, 26, 26, 26, 26, 26 },
{ 26, 26, 26, 26, 26, 26, 74, 91, 92, 33, 122, 60, 26, 26, 26, 26, 
26, 26, 26, 26, 26, 26, 26, 26 },
{ 26, 26, 42, 107, 107, 107, 107, 107, 108, 33, 33, 60, 26, 26, 26, 26, 
26, 26, 26, 26, 26, 26, 26, 26 },
{ 26, 26, 58, 123, 123, 123, 123, 123, 124, 33, 33, 60, 26, 26, 26, 26, 
26, 26, 26, 26, 26, 26, 26, 26 },
{ 26, 26, 58, 33, 33, 33, 33, 33, 33, 33, 33, 60, 26, 26, 26, 26, 
26, 26, 26, 26, 26, 26, 26, 26 },
{ 26, 26, 74, 91, 91, 92, 33, 90, 92, 33, 33, 60, 26, 26, 26, 26, 
26, 26, 26, 26, 26, 26, 26, 26 },
{ 26, 26, 26, 26, 26, 58, 33, 60, 74, 91, 91, 76, 26, 26, 26, 26, 
26, 26, 26, 26, 26, 26, 26, 26 },
{ 26, 26, 26, 26, 26, 58, 33, 60, 26, 26, 26, 26, 26, 26, 26, 26, 
26, 26, 26, 26, 26, 26, 26, 26 },
{ 26, 26, 26, 26, 26, 58, 33, 60, 26, 26, 26, 26, 26, 26, 26, 26, 
26, 26, 26, 26, 26, 26, 26, 26 },
{ 26, 26, 26, 26, 26, 74, 3, 76, 26, 26, 26, 26, 26, 26, 26, 26, 
26, 26, 26, 26, 26, 26, 26, 26 }
};

