const short reuben1finalc_map[25][21] = {
{ 26, 26, 26, 26, 26, 26, 26, 26, 26, 42, 107, 107, 107, 107, 107, 44, 
42, 107, 107, 107, 44 },
{ 42, 107, 107, 107, 107, 107, 107, 107, 107, 108, 28, 28, 28, 28, 28, 60, 
58, 75, 28, 28, 60 },
{ 58, 123, 123, 123, 123, 123, 123, 123, 123, 124, 17, 17, 17, 17, 17, 60, 
58, 11, 17, 17, 60 },
{ 58, 33, 90, 92, 33, 33, 33, 33, 90, 92, 33, 77, 91, 93, 17, 60, 
58, 23, 17, 17, 60 },
{ 58, 33, 106, 108, 33, 33, 33, 33, 106, 108, 33, 60, 26, 58, 17, 60, 
58, 17, 17, 17, 60 },
{ 58, 33, 122, 124, 33, 33, 33, 33, 122, 124, 33, 60, 26, 58, 17, 109, 
125, 17, 77, 19, 76 },
{ 58, 33, 33, 33, 33, 33, 33, 33, 33, 33, 33, 60, 26, 58, 17, 59, 
43, 17, 60, 26, 26 },
{ 58, 33, 33, 33, 33, 33, 33, 33, 33, 33, 33, 60, 26, 58, 17, 17, 
17, 17, 60, 26, 26 },
{ 58, 33, 90, 92, 33, 33, 33, 33, 90, 92, 33, 60, 26, 74, 91, 91, 
91, 91, 76, 26, 26 },
{ 58, 33, 106, 108, 33, 33, 33, 33, 106, 108, 33, 60, 26, 26, 26, 26, 
26, 26, 26, 26, 26 },
{ 58, 33, 122, 124, 33, 33, 33, 33, 122, 124, 33, 60, 26, 26, 26, 26, 
26, 26, 26, 26, 26 },
{ 58, 33, 33, 33, 33, 33, 33, 33, 33, 33, 33, 60, 26, 26, 26, 26, 
26, 26, 26, 26, 26 },
{ 58, 33, 33, 33, 128, 33, 33, 128, 33, 33, 33, 60, 26, 26, 26, 26, 
26, 26, 26, 26, 26 },
{ 58, 33, 90, 92, 33, 33, 33, 33, 90, 92, 33, 60, 26, 26, 26, 26, 
26, 26, 26, 26, 26 },
{ 58, 33, 106, 108, 33, 33, 33, 33, 106, 108, 33, 60, 26, 26, 26, 26, 
26, 26, 26, 26, 26 },
{ 58, 33, 122, 124, 33, 33, 33, 33, 122, 124, 33, 60, 26, 26, 26, 26, 
26, 26, 26, 26, 26 },
{ 58, 33, 33, 33, 33, 33, 33, 33, 33, 33, 33, 60, 26, 26, 26, 26, 
26, 26, 26, 26, 26 },
{ 58, 33, 33, 33, 33, 33, 33, 33, 33, 33, 33, 60, 26, 26, 26, 26, 
26, 26, 26, 26, 26 },
{ 74, 91, 91, 91, 92, 33, 90, 91, 91, 91, 91, 76, 26, 26, 26, 26, 
26, 26, 26, 26, 26 },
{ 26, 26, 42, 107, 108, 33, 106, 107, 44, 26, 26, 26, 26, 26, 26, 26, 
26, 26, 26, 26, 26 },
{ 26, 42, 108, 123, 124, 33, 122, 123, 106, 44, 26, 26, 26, 26, 26, 26, 
26, 26, 26, 26, 26 },
{ 26, 58, 124, 33, 33, 33, 33, 33, 122, 60, 26, 26, 26, 26, 26, 26, 
26, 26, 26, 26, 26 },
{ 26, 58, 33, 33, 33, 33, 33, 33, 33, 60, 26, 26, 26, 26, 26, 26, 
26, 26, 26, 26, 26 },
{ 26, 58, 33, 33, 90, 3, 92, 33, 33, 60, 26, 26, 26, 26, 26, 26, 
26, 26, 26, 26, 26 },
{ 26, 74, 91, 91, 76, 26, 74, 91, 91, 76, 26, 26, 26, 26, 26, 26, 
26, 26, 26, 26, 26 }
};

