const short reuben1cliff_map[32][24] = {
{ 31, 77, 91, 91, 91, 93, 31, 31, 31, 31, 31, 31, 31, 31, 31, 31, 
47, 31, 31, 31, 31, 31, 31, 31 },
{ 101, 60, 42, 107, 44, 58, 103, 31, 31, 31, 31, 31, 31, 31, 31, 48, 
46, 31, 31, 31, 31, 31, 32, 30 },
{ 104, 106, 108, 49, 106, 108, 105, 31, 31, 31, 31, 31, 31, 31, 32, 15, 
15, 31, 31, 47, 31, 31, 48, 30 },
{ 104, 122, 124, 17, 122, 124, 57, 102, 102, 102, 102, 102, 102, 102, 102, 102, 
102, 102, 102, 103, 30, 48, 64, 46 },
{ 52, 56, 126, 17, 126, 57, 23, 17, 17, 17, 17, 17, 17, 17, 17, 17, 
17, 17, 17, 105, 32, 64, 1, 62 },
{ 52, 56, 75, 17, 75, 89, 17, 17, 84, 84, 84, 17, 17, 57, 24, 85, 
86, 87, 17, 105, 31, 16, 1, 1 },
{ 52, 56, 84, 17, 17, 89, 17, 57, 22, 56, 57, 22, 22, 23, 85, 87, 
17, 89, 17, 105, 31, 31, 16, 1 },
{ 52, 52, 56, 17, 57, 23, 17, 89, 17, 88, 89, 17, 17, 17, 88, 57, 
22, 23, 17, 105, 31, 31, 32, 1 },
{ 52, 52, 56, 17, 57, 56, 17, 89, 17, 88, 89, 17, 17, 17, 52, 52, 
85, 87, 17, 105, 31, 47, 48, 35 },
{ 15, 52, 56, 17, 84, 87, 17, 89, 17, 88, 89, 17, 17, 17, 21, 23, 
21, 23, 17, 105, 31, 16, 64, 51 },
{ 32, 52, 56, 17, 57, 23, 17, 89, 17, 21, 23, 17, 17, 17, 17, 17, 
17, 17, 17, 105, 31, 31, 16, 51 },
{ 32, 52, 56, 17, 57, 56, 17, 89, 17, 17, 17, 17, 17, 85, 87, 86, 
86, 86, 86, 86, 102, 103, 48, 51 },
{ 31, 15, 104, 17, 57, 56, 17, 89, 17, 85, 87, 17, 17, 88, 89, 17, 
17, 17, 17, 17, 17, 116, 64, 51 },
{ 31, 31, 104, 17, 85, 87, 17, 89, 17, 88, 89, 17, 17, 88, 89, 17, 
84, 84, 84, 84, 17, 116, 35, 51 },
{ 31, 31, 104, 17, 88, 89, 17, 89, 17, 88, 89, 17, 17, 88, 89, 17, 
89, 22, 22, 24, 17, 116, 67, 51 },
{ 31, 31, 104, 17, 52, 52, 17, 89, 17, 88, 89, 17, 17, 88, 89, 17, 
89, 17, 17, 17, 17, 105, 16, 51 },
{ 31, 31, 104, 17, 21, 23, 17, 89, 17, 88, 89, 17, 17, 88, 89, 17, 
89, 17, 17, 17, 17, 105, 48, 51 },
{ 31, 31, 104, 17, 17, 17, 17, 89, 18, 88, 89, 17, 17, 21, 23, 17, 
89, 17, 84, 84, 84, 116, 64, 51 },
{ 15, 31, 52, 52, 56, 17, 17, 85, 86, 87, 89, 17, 17, 17, 17, 17, 
89, 17, 57, 52, 52, 52, 35, 51 },
{ 31, 30, 52, 53, 87, 17, 17, 88, 17, 116, 14, 32, 87, 17, 84, 84, 
89, 17, 57, 52, 52, 52, 51, 51 },
{ 31, 32, 53, 52, 52, 17, 17, 21, 52, 7, 46, 48, 89, 17, 89, 52, 
23, 17, 57, 52, 52, 7, 67, 51 },
{ 31, 101, 88, 21, 23, 84, 84, 57, 52, 56, 62, 64, 89, 17, 89, 24, 
17, 17, 57, 83, 83, 99, 1, 67 },
{ 102, 88, 21, 52, 52, 52, 52, 23, 52, 21, 52, 52, 23, 84, 89, 17, 
17, 17, 116, 67, 51, 51, 99, 83 },
{ 84, 21, 52, 52, 52, 52, 52, 52, 52, 52, 52, 52, 52, 52, 52, 17, 
17, 17, 85, 87, 51, 51, 51, 51 },
{ 22, 22, 22, 22, 22, 52, 52, 52, 52, 52, 52, 52, 52, 52, 23, 17, 
17, 17, 21, 23, 54, 71, 51, 51 },
{ 17, 17, 17, 17, 17, 21, 52, 52, 98, 52, 52, 52, 52, 52, 52, 22, 
24, 113, 17, 17, 18, 57, 51, 51 },
{ 84, 84, 84, 84, 17, 17, 21, 23, 17, 21, 22, 22, 22, 22, 24, 17, 
17, 17, 57, 52, 52, 52, 51, 51 },
{ 6, 6, 6, 56, 84, 17, 17, 17, 17, 57, 56, 17, 17, 17, 17, 17, 
17, 84, 116, 4, 6, 7, 51, 51 },
{ 1, 1, 1, 5, 56, 84, 84, 84, 84, 57, 56, 84, 84, 84, 17, 17, 
20, 6, 7, 14, 16, 83, 51, 51 },
{ 15, 16, 1, 1, 5, 6, 6, 6, 6, 7, 5, 6, 6, 8, 1, 14, 
15, 15, 16, 46, 48, 51, 51, 51 },
{ 31, 31, 16, 1, 1, 1, 1, 1, 1, 1, 1, 1, 1, 1, 1, 30, 
31, 31, 32, 62, 64, 51, 51, 51 },
{ 31, 31, 32, 14, 15, 15, 15, 16, 14, 15, 15, 15, 15, 16, 1, 30, 
31, 31, 32, 1, 35, 51, 51, 51 }
};

