const short reuben1bottomforest_map[16][48] = {
{ 31, 31, 31, 31, 47, 47, 47, 47, 47, 48, 77, 91, 93, 47, 47, 77, 
93, 91, 91, 77, 93, 48, 46, 77, 91, 93, 48, 46, 47, 47, 48, 46, 
47, 47, 31, 31, 31, 32, 1, 62, 46, 47, 48, 35, 51, 51, 51, 51
 },
{ 31, 31, 31, 32, 63, 63, 63, 63, 63, 64, 60, 26, 58, 63, 77, 109, 
126, 26, 26, 126, 125, 93, 62, 60, 26, 58, 64, 62, 63, 63, 64, 62, 
63, 63, 46, 31, 31, 32, 1, 1, 62, 63, 64, 67, 51, 51, 51, 51
 },
{ 31, 31, 31, 32, 57, 22, 52, 52, 52, 22, 109, 111, 125, 77, 109, 59, 
75, 26, 26, 75, 43, 125, 93, 109, 111, 125, 22, 52, 52, 52, 22, 56, 
17, 17, 62, 46, 47, 48, 1, 1, 1, 35, 99, 1, 51, 51, 51, 51
 },
{ 31, 31, 31, 32, 89, 17, 57, 6, 56, 17, 59, 28, 43, 109, 59, 109, 
75, 111, 111, 75, 125, 43, 125, 59, 28, 43, 17, 57, 6, 56, 17, 88, 
17, 17, 17, 62, 63, 64, 1, 1, 35, 51, 67, 35, 51, 51, 51, 51
 },
{ 31, 31, 31, 32, 89, 17, 126, 83, 126, 17, 59, 28, 43, 59, 109, 59, 
75, 28, 28, 75, 43, 125, 43, 59, 28, 43, 17, 126, 83, 126, 17, 88, 
17, 17, 1, 1, 1, 1, 1, 1, 67, 51, 83, 51, 51, 51, 51, 51
 },
{ 31, 31, 31, 32, 89, 17, 75, 51, 75, 17, 59, 28, 43, 17, 59, 109, 
75, 114, 23, 75, 125, 43, 17, 59, 28, 43, 17, 75, 51, 75, 17, 88, 
17, 1, 14, 15, 15, 15, 15, 15, 16, 51, 51, 51, 51, 51, 51, 51
 },
{ 31, 31, 31, 32, 89, 17, 116, 51, 100, 17, 59, 28, 43, 17, 17, 59, 
43, 17, 17, 59, 43, 17, 17, 59, 28, 43, 17, 116, 51, 100, 17, 88, 
17, 1, 30, 31, 31, 31, 31, 31, 32, 51, 51, 51, 51, 51, 51, 51
 },
{ 31, 31, 31, 32, 89, 17, 126, 51, 126, 17, 17, 17, 17, 17, 17, 17, 
126, 17, 17, 126, 17, 17, 17, 17, 17, 17, 17, 126, 51, 126, 17, 88, 
17, 1, 30, 31, 31, 31, 31, 31, 32, 51, 51, 51, 51, 51, 51, 51
 },
{ 31, 31, 31, 32, 89, 17, 75, 51, 75, 17, 17, 17, 17, 17, 17, 17, 
75, 17, 17, 75, 17, 17, 17, 17, 17, 17, 17, 75, 51, 75, 17, 88, 
17, 1, 30, 31, 31, 31, 31, 31, 32, 51, 51, 51, 51, 51, 51, 51
 },
{ 31, 31, 47, 48, 89, 17, 116, 51, 100, 17, 126, 17, 17, 17, 17, 20, 
126, 17, 17, 126, 17, 85, 87, 17, 17, 126, 17, 116, 51, 100, 17, 88, 
17, 1, 30, 31, 31, 31, 31, 31, 48, 51, 51, 51, 51, 51, 51, 51
 },
{ 31, 31, 15, 32, 89, 17, 126, 51, 100, 84, 75, 17, 17, 113, 17, 17, 
75, 17, 17, 75, 17, 21, 24, 17, 17, 75, 84, 116, 51, 126, 17, 88, 
17, 1, 30, 31, 31, 31, 31, 48, 64, 51, 51, 51, 51, 51, 51, 51
 },
{ 31, 31, 47, 48, 89, 17, 75, 51, 5, 6, 6, 6, 6, 6, 6, 6, 
56, 17, 17, 57, 6, 6, 6, 6, 6, 6, 6, 7, 51, 75, 17, 88, 
17, 1, 46, 31, 31, 31, 48, 64, 35, 51, 51, 51, 51, 51, 51, 51
 },
{ 31, 32, 63, 64, 85, 87, 89, 51, 83, 83, 83, 83, 83, 83, 83, 83, 
56, 17, 17, 57, 83, 83, 83, 83, 83, 83, 83, 83, 51, 88, 85, 54, 
87, 1, 62, 30, 31, 48, 64, 35, 51, 51, 51, 51, 51, 51, 51, 51
 },
{ 31, 32, 66, 1, 5, 7, 86, 86, 86, 86, 86, 86, 86, 86, 86, 86, 
86, 17, 17, 86, 86, 86, 86, 86, 86, 86, 86, 86, 86, 17, 5, 6, 
7, 1, 1, 30, 48, 64, 35, 51, 51, 51, 51, 51, 51, 51, 51, 51
 },
{ 31, 31, 16, 1, 1, 1, 17, 17, 17, 17, 17, 17, 17, 17, 17, 17, 
17, 17, 17, 17, 17, 17, 17, 17, 17, 17, 17, 17, 17, 17, 1, 1, 
1, 1, 14, 32, 64, 35, 51, 51, 51, 51, 51, 51, 51, 51, 51, 51
 },
{ 31, 31, 31, 15, 15, 15, 16, 14, 15, 15, 15, 15, 15, 15, 15, 15, 
15, 15, 15, 15, 15, 16, 14, 15, 15, 15, 15, 15, 15, 15, 15, 15, 
15, 15, 31, 32, 35, 51, 51, 51, 51, 51, 51, 51, 51, 51, 51, 51
 }
};

