const short reuben1westcave_map[32][24] = {
{ 26, 26, 26, 26, 26, 26, 26, 26, 26, 26, 26, 26, 26, 26, 26, 22, 
26, 26, 26, 26, 26, 26, 26, 26 },
{ 26, 26, 26, 26, 26, 26, 26, 26, 26, 26, 26, 26, 26, 26, 23, 17, 
21, 22, 22, 22, 23, 21, 22, 22 },
{ 26, 26, 26, 26, 26, 26, 26, 26, 26, 26, 26, 26, 26, 41, 17, 17, 
17, 17, 17, 17, 17, 17, 17, 17 },
{ 26, 26, 26, 26, 26, 26, 26, 26, 26, 26, 26, 26, 26, 41, 17, 17, 
57, 38, 38, 38, 38, 38, 56, 17 },
{ 26, 26, 26, 26, 26, 26, 26, 26, 26, 26, 26, 26, 26, 27, 17, 17, 
57, 12, 12, 12, 12, 12, 37, 38 },
{ 26, 26, 26, 26, 26, 26, 26, 26, 26, 26, 26, 26, 26, 27, 17, 17, 
17, 118, 118, 118, 118, 119, 12, 12 },
{ 26, 26, 26, 26, 26, 26, 26, 26, 26, 26, 26, 26, 26, 26, 10, 11, 
17, 17, 17, 17, 17, 57, 12, 12 },
{ 26, 26, 26, 26, 26, 26, 26, 26, 26, 26, 26, 26, 26, 26, 26, 26, 
10, 10, 10, 11, 17, 57, 12, 12 },
{ 26, 26, 26, 26, 26, 26, 26, 26, 26, 26, 26, 26, 26, 26, 26, 26, 
26, 26, 26, 27, 17, 57, 12, 12 },
{ 26, 26, 26, 26, 26, 26, 26, 26, 26, 26, 26, 26, 26, 26, 26, 26, 
26, 26, 26, 27, 17, 9, 27, 12 },
{ 26, 26, 26, 26, 22, 22, 22, 22, 26, 26, 22, 22, 22, 22, 22, 22, 
26, 26, 26, 23, 17, 21, 23, 118 },
{ 26, 26, 26, 41, 84, 17, 17, 17, 21, 27, 17, 17, 17, 17, 17, 17, 
21, 26, 27, 17, 17, 17, 17, 17 },
{ 26, 26, 26, 41, 17, 17, 17, 17, 17, 25, 17, 57, 38, 38, 56, 17, 
17, 21, 23, 17, 17, 17, 57, 38 },
{ 26, 26, 26, 27, 17, 57, 38, 56, 17, 41, 17, 57, 12, 12, 56, 57, 
17, 17, 17, 17, 17, 17, 57, 12 },
{ 26, 26, 26, 41, 17, 57, 12, 56, 17, 27, 17, 57, 12, 12, 37, 39, 
37, 38, 38, 56, 17, 57, 39, 12 },
{ 26, 26, 26, 27, 17, 57, 12, 56, 17, 25, 17, 57, 12, 12, 12, 12, 
12, 12, 12, 37, 38, 39, 12, 12 },
{ 26, 26, 26, 22, 17, 57, 12, 56, 17, 26, 17, 57, 12, 12, 12, 12, 
12, 12, 12, 12, 12, 12, 12, 12 },
{ 26, 26, 23, 17, 17, 57, 12, 56, 17, 22, 17, 57, 12, 12, 12, 12, 
12, 12, 12, 12, 12, 12, 12, 12 },
{ 26, 27, 17, 17, 57, 39, 12, 56, 17, 17, 17, 57, 12, 12, 12, 12, 
12, 12, 12, 12, 12, 12, 12, 12 },
{ 26, 27, 17, 57, 39, 12, 12, 37, 38, 10, 38, 39, 12, 12, 12, 12, 
12, 12, 12, 12, 12, 12, 12, 12 },
{ 26, 23, 17, 57, 12, 12, 12, 12, 12, 26, 27, 12, 12, 12, 12, 12, 
10, 10, 10, 27, 12, 12, 12, 12 },
{ 27, 17, 17, 17, 118, 119, 10, 27, 10, 26, 26, 27, 12, 12, 12, 12, 
25, 26, 26, 27, 12, 12, 12, 12 },
{ 26, 10, 11, 17, 17, 57, 26, 26, 26, 26, 26, 26, 10, 27, 12, 27, 
26, 26, 26, 27, 12, 12, 12, 12 },
{ 26, 26, 27, 17, 17, 9, 26, 26, 26, 26, 26, 26, 26, 26, 26, 26, 
26, 26, 26, 26, 10, 10, 10, 10 },
{ 26, 26, 23, 17, 17, 25, 26, 23, 26, 26, 26, 26, 26, 26, 22, 22, 
26, 26, 26, 26, 26, 26, 26, 26 },
{ 26, 23, 17, 17, 9, 26, 23, 17, 25, 26, 22, 22, 22, 23, 17, 17, 
21, 26, 26, 26, 26, 26, 26, 26 },
{ 41, 17, 17, 9, 26, 23, 17, 17, 21, 23, 17, 17, 17, 17, 17, 17, 
17, 21, 22, 26, 26, 26, 26, 26 },
{ 41, 17, 17, 25, 27, 17, 17, 17, 17, 17, 17, 17, 17, 17, 17, 17, 
17, 17, 17, 21, 26, 26, 26, 26 },
{ 41, 17, 17, 21, 23, 17, 17, 17, 17, 17, 9, 26, 11, 17, 17, 17, 
17, 17, 17, 17, 25, 26, 26, 26 },
{ 26, 11, 17, 17, 17, 17, 17, 9, 10, 10, 26, 26, 27, 17, 9, 10, 
11, 17, 17, 17, 25, 26, 26, 26 },
{ 26, 26, 10, 11, 17, 17, 9, 26, 26, 26, 26, 26, 26, 10, 26, 26, 
26, 11, 17, 9, 26, 26, 26, 26 },
{ 26, 26, 26, 26, 10, 10, 26, 26, 26, 26, 26, 26, 26, 26, 26, 26, 
26, 26, 19, 26, 26, 26, 26, 26 }
};

