const short reuben1middleforest_map[40][24] = {
{ 31, 31, 31, 31, 31, 31, 31, 31, 31, 31, 31, 31, 31, 31, 47, 47, 
48, 64, 17, 62, 46, 31, 31, 31 },
{ 31, 31, 31, 31, 31, 31, 31, 31, 31, 31, 31, 31, 31, 31, 32, 63, 
64, 1, 17, 1, 62, 46, 31, 31 },
{ 47, 47, 47, 47, 47, 47, 31, 31, 31, 26, 26, 26, 26, 26, 26, 26, 
26, 26, 17, 26, 26, 26, 26, 26 },
{ 63, 63, 63, 63, 63, 63, 30, 31, 32, 28, 28, 28, 28, 28, 28, 28, 
28, 28, 49, 28, 28, 28, 28, 28 },
{ 83, 83, 83, 83, 83, 99, 30, 31, 31, 15, 15, 15, 15, 15, 32, 28, 
28, 28, 49, 28, 28, 28, 28, 30 },
{ 51, 51, 51, 51, 51, 51, 30, 31, 31, 31, 31, 31, 31, 31, 31, 16, 
1, 1, 17, 1, 1, 1, 14, 31 },
{ 51, 51, 51, 51, 51, 51, 46, 31, 31, 31, 31, 31, 31, 31, 31, 31, 
16, 1, 17, 1, 1, 14, 31, 31 },
{ 51, 51, 51, 51, 51, 51, 62, 46, 47, 31, 31, 31, 31, 31, 47, 47, 
47, 16, 17, 1, 14, 31, 31, 31 },
{ 51, 51, 51, 51, 51, 51, 99, 62, 63, 46, 31, 31, 31, 32, 63, 63, 
63, 64, 17, 1, 46, 31, 31, 31 },
{ 51, 51, 51, 51, 51, 51, 51, 83, 99, 62, 30, 31, 31, 48, 17, 17, 
17, 17, 17, 1, 14, 31, 31, 31 },
{ 51, 51, 51, 51, 51, 51, 51, 51, 51, 99, 30, 31, 32, 64, 17, 14, 
15, 16, 1, 14, 31, 31, 31, 31 },
{ 51, 51, 51, 51, 51, 51, 51, 51, 51, 51, 30, 31, 31, 16, 17, 30, 
31, 32, 14, 31, 31, 31, 31, 31 },
{ 51, 51, 51, 51, 51, 51, 51, 51, 51, 51, 30, 31, 31, 32, 17, 46, 
47, 48, 46, 31, 31, 31, 31, 31 },
{ 51, 51, 51, 51, 51, 51, 51, 51, 51, 51, 30, 31, 31, 32, 17, 62, 
63, 64, 62, 63, 63, 63, 46, 31 },
{ 51, 51, 51, 51, 51, 51, 51, 51, 51, 115, 30, 31, 31, 32, 17, 17, 
17, 17, 17, 17, 17, 17, 62, 30 },
{ 51, 51, 51, 51, 51, 51, 51, 115, 14, 15, 31, 31, 31, 31, 16, 14, 
16, 14, 15, 15, 16, 17, 1, 30 },
{ 51, 51, 51, 51, 51, 51, 115, 14, 31, 31, 31, 31, 31, 31, 47, 47, 
47, 47, 47, 48, 64, 17, 1, 30 },
{ 51, 51, 115, 14, 15, 15, 15, 31, 31, 31, 31, 31, 31, 48, 63, 63, 
63, 63, 63, 64, 17, 17, 14, 31 },
{ 51, 115, 14, 31, 31, 31, 31, 31, 31, 31, 31, 31, 32, 64, 17, 17, 
17, 17, 17, 17, 17, 14, 31, 31 },
{ 115, 14, 31, 31, 31, 31, 31, 31, 31, 31, 31, 31, 32, 1, 17, 14, 
15, 15, 15, 15, 15, 31, 31, 31 },
{ 14, 31, 31, 31, 31, 31, 31, 31, 31, 31, 31, 31, 32, 1, 17, 46, 
47, 47, 47, 47, 31, 31, 31, 31 },
{ 31, 31, 31, 31, 31, 31, 31, 31, 31, 31, 31, 31, 32, 1, 17, 62, 
63, 63, 63, 63, 46, 31, 31, 31 },
{ 31, 31, 31, 31, 31, 31, 31, 31, 31, 31, 31, 31, 31, 16, 17, 17, 
17, 17, 17, 17, 62, 30, 31, 31 },
{ 31, 47, 47, 47, 47, 47, 47, 47, 31, 31, 31, 31, 31, 31, 15, 15, 
15, 15, 16, 17, 14, 47, 31, 31 },
{ 32, 63, 63, 63, 63, 63, 63, 63, 46, 31, 31, 31, 31, 31, 31, 31, 
31, 31, 48, 17, 62, 63, 46, 31 },
{ 32, 1, 1, 1, 1, 1, 1, 1, 62, 46, 31, 31, 31, 31, 31, 48, 
46, 48, 64, 17, 1, 1, 62, 30 },
{ 32, 1, 35, 83, 83, 83, 99, 1, 1, 62, 46, 47, 47, 47, 48, 64, 
62, 64, 1, 17, 1, 66, 1, 30 },
{ 32, 1, 51, 51, 51, 51, 51, 99, 1, 1, 62, 63, 63, 63, 64, 1, 
1, 1, 1, 17, 1, 1, 1, 30 },
{ 32, 1, 51, 51, 51, 51, 51, 115, 1, 1, 1, 1, 1, 1, 1, 1, 
1, 1, 1, 17, 1, 1, 14, 31 },
{ 32, 1, 67, 51, 51, 51, 115, 1, 1, 1, 14, 15, 15, 15, 16, 1, 
1, 1, 1, 17, 14, 15, 15, 31 },
{ 32, 1, 1, 1, 1, 1, 1, 1, 1, 14, 31, 31, 31, 31, 31, 16, 
1, 1, 1, 17, 30, 31, 101, 102 },
{ 31, 15, 15, 15, 15, 15, 15, 15, 15, 31, 31, 31, 31, 31, 31, 31, 
16, 1, 1, 17, 46, 47, 104, 84 },
{ 31, 31, 31, 31, 31, 31, 31, 31, 31, 31, 31, 31, 31, 47, 47, 47, 
48, 1, 1, 17, 85, 70, 21, 22 },
{ 31, 31, 31, 31, 31, 31, 31, 31, 31, 31, 31, 31, 32, 63, 63, 63, 
64, 1, 1, 17, 88, 17, 17, 17 },
{ 31, 31, 31, 31, 31, 31, 31, 31, 31, 31, 31, 31, 32, 1, 78, 79, 
80, 14, 16, 17, 100, 84, 17, 84 },
{ 31, 31, 31, 31, 31, 31, 31, 31, 31, 31, 31, 31, 31, 16, 94, 95, 
96, 46, 48, 17, 5, 8, 17, 4 },
{ 31, 31, 31, 31, 31, 31, 31, 31, 31, 31, 31, 31, 31, 48, 110, 82, 
112, 62, 64, 17, 17, 17, 17, 1 },
{ 31, 31, 31, 31, 31, 31, 31, 31, 31, 31, 31, 31, 32, 64, 1, 17, 
17, 17, 17, 17, 1, 1, 1, 14 },
{ 31, 31, 31, 31, 31, 31, 31, 31, 31, 31, 31, 31, 31, 16, 1, 1, 
14, 16, 1, 1, 1, 14, 15, 31 },
{ 31, 31, 31, 31, 31, 31, 31, 31, 31, 31, 31, 31, 31, 31, 16, 14, 
31, 31, 15, 16, 14, 30, 31, 31 }
};

