const short reuben1finald_map[32][20] = {
{ 26, 26, 26, 26, 26, 26, 26, 26, 26, 26, 26, 26, 26, 26, 26, 26, 
26, 26, 26, 26 },
{ 26, 26, 26, 26, 26, 26, 69, 70, 70, 70, 70, 70, 71, 26, 26, 26, 
26, 26, 26, 26 },
{ 26, 26, 26, 26, 26, 26, 56, 17, 17, 50, 17, 17, 57, 26, 26, 26, 
26, 26, 26, 26 },
{ 13, 13, 13, 13, 13, 13, 56, 84, 17, 17, 17, 84, 57, 13, 13, 13, 
13, 13, 13, 13 },
{ 29, 29, 29, 29, 29, 29, 52, 52, 56, 17, 57, 52, 52, 29, 29, 29, 
29, 29, 29, 29 },
{ 45, 45, 45, 45, 45, 45, 72, 52, 56, 17, 57, 52, 73, 45, 45, 45, 
45, 45, 45, 45 },
{ 61, 61, 61, 61, 61, 61, 61, 72, 56, 17, 57, 73, 61, 61, 61, 61, 
61, 61, 61, 61 },
{ 61, 61, 61, 61, 61, 61, 61, 120, 87, 17, 57, 61, 61, 61, 61, 61, 
61, 61, 61, 61 },
{ 61, 61, 61, 61, 120, 121, 121, 21, 23, 17, 85, 127, 61, 61, 61, 61, 
61, 61, 61, 61 },
{ 61, 61, 61, 61, 56, 51, 17, 17, 17, 17, 88, 89, 121, 127, 61, 61, 
61, 61, 61, 61 },
{ 61, 61, 61, 61, 56, 17, 57, 52, 56, 17, 21, 23, 17, 57, 61, 61, 
61, 61, 61, 61 },
{ 61, 61, 61, 61, 52, 52, 52, 61, 56, 17, 17, 17, 17, 85, 127, 61, 
61, 61, 61, 61 },
{ 61, 61, 61, 61, 72, 52, 73, 61, 56, 85, 87, 17, 85, 21, 52, 61, 
61, 61, 61, 61 },
{ 61, 61, 61, 61, 61, 61, 61, 61, 56, 21, 23, 17, 21, 22, 23, 127, 
61, 61, 61, 61 },
{ 61, 61, 61, 61, 61, 61, 61, 61, 56, 17, 17, 17, 17, 17, 17, 57, 
61, 61, 61, 61 },
{ 61, 61, 61, 61, 61, 61, 61, 61, 56, 17, 17, 17, 17, 57, 52, 52, 
61, 61, 61, 61 },
{ 61, 61, 61, 61, 61, 61, 61, 61, 56, 17, 17, 17, 17, 57, 22, 52, 
61, 61, 61, 61 },
{ 61, 61, 61, 61, 61, 61, 61, 61, 56, 17, 20, 22, 22, 23, 57, 52, 
61, 61, 61, 61 },
{ 61, 61, 61, 61, 61, 61, 61, 61, 56, 17, 17, 17, 17, 57, 52, 52, 
61, 61, 61, 61 },
{ 61, 61, 61, 61, 61, 61, 61, 61, 56, 17, 17, 17, 20, 52, 52, 73, 
61, 61, 61, 61 },
{ 61, 61, 61, 61, 61, 61, 61, 61, 56, 57, 24, 17, 17, 57, 73, 61, 
61, 61, 61, 61 },
{ 61, 61, 61, 61, 61, 61, 61, 61, 72, 57, 17, 17, 17, 57, 61, 61, 
61, 61, 61, 61 },
{ 61, 61, 61, 61, 61, 61, 61, 61, 120, 23, 17, 85, 86, 86, 127, 61, 
61, 61, 61, 61 },
{ 61, 61, 61, 61, 61, 61, 61, 61, 56, 17, 17, 88, 57, 22, 23, 61, 
61, 61, 61, 61 },
{ 61, 61, 61, 61, 61, 61, 61, 61, 56, 17, 17, 21, 23, 77, 91, 93, 
61, 61, 61, 61 },
{ 61, 61, 61, 61, 61, 61, 61, 61, 56, 84, 17, 17, 77, 76, 26, 58, 
61, 61, 61, 61 },
{ 61, 61, 61, 61, 61, 61, 61, 61, 52, 52, 23, 17, 60, 42, 107, 108, 
61, 61, 61, 61 },
{ 61, 61, 61, 61, 61, 61, 61, 61, 72, 52, 56, 17, 106, 108, 98, 53, 
127, 61, 61, 61 },
{ 61, 61, 61, 61, 61, 61, 61, 61, 61, 61, 56, 17, 122, 124, 33, 88, 
57, 61, 61, 61 },
{ 61, 61, 61, 61, 61, 61, 61, 61, 61, 61, 56, 17, 17, 17, 17, 21, 
52, 61, 61, 61 },
{ 61, 61, 61, 61, 61, 61, 61, 61, 61, 61, 72, 52, 52, 52, 52, 52, 
73, 61, 61, 61 },
{ 61, 61, 61, 61, 61, 61, 61, 61, 61, 61, 61, 61, 61, 61, 61, 61, 
61, 61, 61, 61 }
};

