const short reuben1finalb_map[40][45] = {
{ 26, 26, 26, 26, 26, 26, 26, 26, 26, 26, 26, 26, 26, 26, 26, 26, 
26, 26, 26, 26, 26, 26, 26, 42, 107, 107, 107, 107, 107, 107, 107, 107, 
107, 107, 107, 44, 26, 26, 26, 26, 26, 26, 26, 26, 26 },
{ 26, 26, 26, 26, 26, 26, 26, 26, 26, 26, 26, 26, 26, 26, 26, 26, 
26, 26, 26, 26, 26, 26, 26, 58, 123, 123, 123, 123, 123, 123, 123, 123, 
123, 123, 123, 60, 26, 26, 26, 26, 26, 26, 26, 26, 26 },
{ 26, 26, 26, 26, 26, 26, 26, 26, 26, 26, 26, 26, 26, 26, 26, 26, 
26, 26, 26, 26, 26, 26, 26, 58, 33, 33, 33, 33, 33, 33, 33, 33, 
33, 33, 51, 60, 26, 26, 26, 26, 26, 26, 26, 26, 26 },
{ 26, 26, 26, 26, 26, 26, 26, 26, 26, 26, 26, 26, 26, 26, 26, 26, 
26, 26, 26, 26, 26, 26, 26, 74, 91, 93, 33, 77, 91, 91, 91, 93, 
33, 33, 33, 60, 26, 26, 26, 26, 26, 26, 26, 26, 26 },
{ 26, 26, 26, 26, 26, 26, 26, 26, 26, 26, 26, 26, 26, 26, 26, 26, 
26, 26, 26, 26, 26, 26, 26, 26, 42, 108, 33, 106, 44, 26, 26, 58, 
33, 33, 33, 60, 26, 26, 26, 26, 26, 26, 26, 26, 26 },
{ 26, 26, 26, 26, 26, 26, 26, 26, 26, 26, 26, 26, 26, 26, 26, 26, 
26, 26, 26, 26, 26, 26, 26, 26, 58, 124, 33, 122, 60, 26, 26, 58, 
33, 33, 33, 60, 26, 26, 26, 26, 26, 26, 26, 26, 26 },
{ 26, 26, 26, 26, 26, 26, 26, 26, 26, 26, 26, 26, 26, 26, 26, 26, 
26, 26, 26, 26, 26, 26, 26, 26, 58, 33, 33, 33, 60, 26, 26, 58, 
33, 33, 33, 60, 26, 26, 26, 26, 26, 26, 26, 26, 26 },
{ 26, 26, 26, 26, 26, 26, 26, 26, 26, 26, 26, 26, 26, 26, 26, 26, 
26, 26, 26, 26, 26, 26, 26, 26, 58, 33, 33, 33, 60, 26, 26, 58, 
33, 33, 33, 60, 26, 26, 26, 26, 26, 26, 26, 26, 26 },
{ 26, 26, 26, 26, 26, 26, 26, 26, 26, 26, 26, 26, 26, 26, 26, 26, 
26, 26, 26, 26, 26, 26, 26, 26, 74, 91, 3, 91, 76, 26, 26, 58, 
33, 33, 33, 60, 26, 26, 26, 26, 26, 26, 26, 26, 26 },
{ 26, 26, 26, 26, 26, 26, 26, 26, 26, 26, 26, 26, 26, 26, 26, 26, 
26, 26, 26, 26, 26, 26, 26, 26, 26, 26, 26, 26, 26, 26, 26, 58, 
33, 33, 33, 60, 26, 26, 26, 26, 26, 26, 26, 26, 26 },
{ 26, 26, 26, 26, 26, 26, 26, 26, 26, 26, 26, 26, 26, 26, 26, 26, 
26, 26, 26, 26, 26, 26, 26, 42, 107, 107, 107, 107, 107, 107, 107, 108, 
33, 33, 33, 60, 26, 26, 26, 26, 26, 26, 26, 26, 26 },
{ 26, 26, 26, 26, 26, 26, 26, 26, 26, 26, 26, 26, 26, 26, 26, 26, 
26, 26, 26, 26, 26, 26, 26, 58, 123, 123, 123, 123, 123, 123, 123, 124, 
33, 33, 33, 60, 26, 26, 26, 26, 26, 26, 26, 26, 26 },
{ 26, 26, 26, 26, 26, 26, 26, 26, 26, 26, 26, 26, 26, 26, 26, 26, 
26, 26, 26, 26, 26, 26, 26, 58, 33, 33, 33, 33, 33, 33, 33, 33, 
33, 33, 33, 60, 26, 26, 26, 26, 26, 26, 26, 26, 26 },
{ 26, 26, 26, 26, 26, 26, 26, 26, 26, 26, 26, 26, 26, 26, 26, 26, 
26, 26, 26, 26, 26, 26, 26, 58, 33, 33, 33, 33, 33, 33, 33, 33, 
33, 33, 33, 60, 26, 26, 26, 26, 26, 26, 26, 26, 26 },
{ 26, 26, 26, 26, 26, 26, 26, 26, 26, 26, 26, 26, 26, 26, 26, 26, 
26, 26, 26, 26, 26, 26, 26, 58, 33, 33, 33, 33, 33, 33, 33, 33, 
33, 33, 33, 60, 26, 26, 26, 26, 26, 26, 26, 26, 26 },
{ 26, 26, 26, 26, 26, 26, 26, 26, 26, 26, 26, 26, 26, 26, 26, 26, 
26, 26, 26, 26, 26, 26, 26, 58, 33, 33, 33, 33, 90, 91, 91, 91, 
91, 91, 91, 76, 26, 26, 26, 26, 26, 26, 26, 26, 26 },
{ 26, 26, 26, 26, 26, 26, 26, 26, 26, 26, 26, 26, 26, 26, 26, 26, 
26, 26, 26, 26, 26, 26, 26, 58, 33, 33, 33, 33, 60, 26, 26, 26, 
26, 26, 26, 26, 26, 26, 26, 26, 26, 26, 26, 26, 26 },
{ 26, 26, 26, 26, 26, 26, 26, 26, 26, 26, 26, 26, 26, 26, 26, 26, 
26, 26, 26, 26, 26, 26, 26, 58, 33, 33, 33, 33, 60, 42, 107, 107, 
107, 107, 107, 44, 26, 26, 26, 26, 26, 26, 26, 26, 26 },
{ 26, 26, 26, 26, 26, 26, 26, 26, 26, 26, 26, 26, 26, 26, 26, 26, 
26, 26, 26, 26, 26, 26, 26, 58, 33, 33, 33, 33, 60, 58, 123, 123, 
123, 123, 123, 60, 26, 26, 26, 26, 26, 26, 26, 26, 26 },
{ 26, 26, 26, 26, 26, 26, 26, 26, 26, 26, 26, 26, 26, 26, 26, 26, 
26, 26, 26, 26, 26, 26, 26, 58, 33, 33, 33, 33, 106, 108, 33, 33, 
33, 33, 33, 60, 26, 26, 26, 26, 26, 26, 26, 26, 26 },
{ 26, 26, 26, 26, 26, 26, 26, 26, 26, 26, 26, 26, 26, 26, 26, 26, 
26, 26, 26, 26, 26, 26, 26, 58, 33, 33, 33, 33, 122, 124, 33, 33, 
33, 128, 33, 60, 26, 26, 26, 26, 26, 26, 26, 26, 26 },
{ 26, 26, 26, 26, 26, 26, 26, 26, 26, 26, 26, 26, 26, 26, 26, 26, 
26, 26, 26, 26, 26, 26, 26, 58, 33, 33, 33, 33, 33, 33, 33, 33, 
33, 33, 33, 60, 26, 26, 26, 26, 26, 26, 26, 26, 26 },
{ 26, 26, 26, 26, 26, 26, 26, 26, 26, 26, 26, 26, 26, 26, 26, 26, 
26, 26, 26, 26, 26, 26, 26, 58, 33, 128, 33, 33, 33, 33, 90, 92, 
33, 33, 33, 60, 26, 26, 26, 26, 26, 26, 26, 26, 26 },
{ 26, 42, 107, 107, 107, 107, 107, 107, 107, 107, 44, 126, 126, 107, 107, 107, 
107, 126, 126, 107, 107, 107, 107, 126, 33, 33, 33, 33, 33, 33, 60, 58, 
33, 33, 33, 60, 26, 26, 26, 26, 26, 26, 26, 26, 26 },
{ 42, 108, 123, 123, 123, 123, 123, 123, 123, 123, 106, 126, 58, 123, 123, 123, 
123, 60, 58, 123, 123, 123, 123, 126, 126, 91, 91, 91, 91, 91, 76, 58, 
33, 33, 33, 106, 107, 107, 107, 44, 26, 26, 26, 26, 26 },
{ 58, 124, 33, 33, 33, 33, 33, 33, 33, 33, 122, 60, 58, 33, 33, 33, 
33, 60, 58, 33, 33, 33, 33, 60, 26, 26, 26, 26, 26, 26, 26, 58, 
33, 33, 33, 122, 123, 123, 123, 106, 44, 26, 26, 26, 26 },
{ 58, 33, 33, 90, 91, 91, 91, 92, 33, 33, 33, 60, 58, 33, 33, 33, 
33, 60, 58, 33, 33, 33, 33, 60, 26, 26, 26, 26, 26, 26, 26, 58, 
33, 33, 33, 33, 33, 33, 33, 122, 106, 44, 26, 26, 26 },
{ 58, 33, 33, 60, 42, 107, 44, 58, 33, 33, 33, 106, 108, 33, 90, 92, 
33, 106, 108, 33, 90, 92, 33, 106, 107, 107, 107, 107, 44, 26, 26, 58, 
33, 33, 33, 33, 33, 33, 33, 33, 122, 106, 44, 26, 26 },
{ 58, 33, 33, 106, 108, 114, 106, 108, 33, 33, 33, 122, 124, 33, 60, 58, 
33, 122, 124, 33, 60, 58, 33, 122, 123, 123, 123, 123, 60, 26, 26, 74, 
91, 91, 91, 91, 91, 92, 33, 33, 33, 122, 106, 44, 26 },
{ 58, 33, 33, 122, 124, 33, 122, 124, 33, 33, 33, 33, 33, 33, 60, 58, 
33, 33, 33, 33, 60, 58, 33, 33, 33, 33, 33, 33, 60, 26, 26, 26, 
26, 26, 26, 26, 26, 74, 92, 33, 33, 33, 122, 106, 44 },
{ 74, 92, 33, 33, 33, 33, 33, 33, 33, 33, 33, 33, 33, 33, 60, 58, 
33, 33, 33, 33, 60, 58, 33, 33, 33, 33, 33, 33, 60, 26, 26, 26, 
26, 26, 26, 26, 26, 26, 74, 92, 33, 33, 33, 122, 60 },
{ 26, 74, 91, 91, 91, 91, 91, 91, 91, 91, 91, 91, 91, 91, 126, 126, 
91, 91, 91, 91, 126, 126, 91, 91, 92, 33, 33, 33, 60, 26, 26, 26, 
26, 26, 26, 26, 26, 26, 26, 74, 92, 33, 33, 33, 60 },
{ 26, 26, 26, 26, 26, 26, 26, 26, 26, 26, 26, 26, 26, 26, 26, 26, 
26, 26, 26, 26, 26, 26, 26, 26, 58, 33, 33, 33, 106, 107, 44, 26, 
26, 26, 26, 26, 26, 26, 26, 42, 108, 33, 33, 33, 60 },
{ 26, 26, 26, 26, 26, 26, 26, 26, 26, 26, 26, 26, 26, 26, 26, 26, 
26, 26, 26, 26, 26, 26, 26, 26, 58, 33, 33, 33, 122, 123, 106, 44, 
26, 26, 26, 26, 26, 26, 42, 108, 124, 33, 33, 90, 76 },
{ 26, 26, 26, 26, 26, 26, 26, 26, 26, 26, 26, 26, 26, 26, 26, 26, 
26, 26, 26, 26, 26, 26, 26, 26, 58, 33, 33, 33, 33, 33, 122, 106, 
44, 26, 26, 26, 26, 42, 108, 124, 33, 33, 90, 76, 26 },
{ 26, 26, 26, 26, 26, 26, 26, 26, 26, 26, 26, 26, 26, 26, 26, 26, 
26, 26, 26, 26, 26, 26, 26, 26, 74, 92, 33, 33, 33, 33, 33, 122, 
60, 26, 26, 26, 42, 108, 124, 33, 33, 90, 76, 26, 26 },
{ 26, 26, 26, 26, 26, 26, 26, 26, 26, 26, 26, 26, 26, 26, 26, 26, 
26, 26, 26, 26, 26, 26, 26, 26, 26, 58, 33, 33, 33, 33, 33, 33, 
106, 107, 107, 107, 108, 124, 33, 33, 90, 76, 26, 26, 26 },
{ 26, 26, 26, 26, 26, 26, 26, 26, 26, 26, 26, 26, 26, 26, 26, 26, 
26, 26, 26, 26, 26, 26, 26, 26, 26, 74, 92, 33, 33, 33, 33, 33, 
122, 123, 123, 123, 124, 33, 33, 90, 76, 26, 26, 26, 26 },
{ 26, 26, 26, 26, 26, 26, 26, 26, 26, 26, 26, 26, 26, 26, 26, 26, 
26, 26, 26, 26, 26, 26, 26, 26, 26, 26, 74, 91, 92, 33, 33, 33, 
33, 33, 33, 33, 33, 33, 90, 76, 26, 26, 26, 26, 26 },
{ 26, 26, 26, 26, 26, 26, 26, 26, 26, 26, 26, 26, 26, 26, 26, 26, 
26, 26, 26, 26, 26, 26, 26, 26, 26, 26, 26, 26, 74, 91, 91, 91, 
91, 91, 91, 91, 91, 91, 76, 26, 26, 26, 26, 26, 26 }
};

