const short reuben1upperforest_map[32][32] = {
{ 31, 31, 31, 31, 31, 31, 31, 31, 31, 31, 31, 31, 47, 47, 31, 31, 
47, 48, 46, 47, 47, 48, 46, 47, 47, 48, 46, 47, 31, 31, 31, 31
 },
{ 31, 31, 31, 31, 31, 31, 31, 31, 31, 31, 47, 48, 63, 63, 46, 48, 
63, 64, 62, 63, 63, 64, 62, 63, 63, 64, 62, 63, 46, 31, 31, 31
 },
{ 31, 31, 31, 31, 31, 31, 31, 31, 31, 32, 63, 64, 1, 1, 62, 64, 
1, 1, 1, 1, 1, 1, 1, 1, 1, 78, 79, 80, 62, 30, 31, 31
 },
{ 31, 31, 31, 31, 31, 31, 31, 31, 31, 48, 1, 1, 1, 1, 1, 1, 
1, 1, 14, 15, 15, 16, 1, 84, 17, 94, 95, 96, 17, 46, 31, 31
 },
{ 31, 31, 31, 31, 31, 31, 31, 31, 32, 64, 1, 1, 1, 1, 1, 1, 
1, 1, 46, 47, 47, 48, 1, 100, 17, 110, 82, 112, 17, 62, 46, 47
 },
{ 31, 31, 31, 31, 31, 31, 31, 31, 32, 1, 1, 1, 1, 1, 1, 1, 
1, 1, 62, 63, 63, 64, 1, 5, 6, 24, 17, 17, 17, 1, 62, 63
 },
{ 31, 31, 31, 31, 31, 31, 31, 31, 32, 1, 1, 1, 1, 1, 14, 16, 
1, 1, 1, 1, 1, 1, 1, 1, 1, 1, 17, 4, 6, 6, 46, 15
 },
{ 31, 31, 31, 31, 31, 31, 31, 31, 32, 1, 1, 1, 1, 1, 30, 31, 
16, 1, 1, 1, 1, 1, 1, 1, 1, 1, 17, 1, 1, 1, 30, 31
 },
{ 31, 31, 31, 31, 31, 31, 47, 47, 48, 1, 1, 1, 1, 1, 30, 31, 
32, 1, 1, 1, 17, 17, 17, 17, 17, 17, 17, 1, 1, 1, 30, 31
 },
{ 31, 31, 31, 31, 47, 48, 63, 63, 64, 14, 15, 16, 1, 14, 31, 31, 
48, 1, 1, 1, 17, 1, 1, 1, 1, 1, 1, 1, 1, 14, 31, 31
 },
{ 31, 31, 32, 48, 63, 64, 1, 1, 1, 46, 47, 48, 1, 30, 31, 32, 
64, 1, 1, 1, 17, 1, 1, 1, 1, 14, 15, 16, 1, 30, 31, 31
 },
{ 31, 31, 48, 64, 1, 1, 1, 1, 1, 62, 63, 64, 1, 46, 31, 32, 
1, 1, 1, 1, 17, 1, 1, 1, 1, 30, 31, 32, 1, 30, 31, 31
 },
{ 31, 32, 64, 1, 1, 1, 1, 1, 1, 1, 1, 1, 1, 62, 46, 48, 
1, 14, 16, 1, 17, 1, 1, 1, 1, 46, 47, 48, 1, 46, 31, 31
 },
{ 47, 48, 1, 1, 1, 1, 14, 15, 16, 1, 1, 1, 1, 1, 62, 64, 
1, 46, 48, 1, 17, 1, 1, 1, 1, 62, 63, 64, 1, 62, 30, 31
 },
{ 32, 64, 1, 1, 1, 1, 30, 31, 32, 1, 1, 1, 1, 1, 1, 1, 
1, 62, 64, 1, 17, 1, 1, 1, 1, 1, 1, 1, 1, 1, 30, 31
 },
{ 32, 1, 1, 1, 1, 14, 31, 31, 31, 16, 1, 1, 1, 1, 1, 17, 
17, 17, 17, 17, 17, 14, 16, 1, 1, 1, 1, 1, 1, 1, 30, 31
 },
{ 32, 1, 1, 1, 1, 30, 31, 47, 47, 48, 1, 1, 1, 1, 1, 17, 
1, 1, 1, 1, 1, 46, 48, 1, 1, 1, 1, 1, 1, 1, 30, 31
 },
{ 32, 1, 1, 1, 1, 46, 48, 63, 63, 64, 1, 1, 1, 1, 1, 17, 
1, 14, 16, 1, 1, 62, 64, 1, 1, 1, 1, 1, 1, 14, 31, 31
 },
{ 15, 16, 1, 1, 1, 62, 64, 1, 1, 1, 1, 1, 14, 15, 16, 17, 
1, 46, 48, 1, 1, 1, 1, 1, 14, 15, 16, 1, 1, 30, 31, 31
 },
{ 31, 31, 16, 1, 1, 1, 1, 1, 1, 1, 14, 15, 31, 47, 48, 17, 
1, 62, 64, 1, 1, 1, 14, 15, 31, 47, 48, 1, 1, 30, 31, 31
 },
{ 31, 31, 31, 15, 16, 1, 1, 1, 1, 1, 46, 47, 48, 63, 64, 17, 
1, 1, 1, 1, 1, 1, 30, 31, 31, 31, 15, 16, 14, 31, 31, 31
 },
{ 47, 31, 31, 31, 31, 15, 16, 1, 1, 1, 62, 63, 64, 1, 1, 17, 
1, 1, 1, 1, 1, 14, 15, 31, 31, 31, 31, 32, 30, 31, 31, 31
 },
{ 31, 31, 31, 31, 31, 31, 32, 15, 16, 1, 1, 1, 1, 1, 17, 17, 
1, 1, 1, 14, 15, 31, 31, 31, 31, 31, 31, 31, 30, 31, 31, 31
 },
{ 31, 31, 31, 31, 31, 31, 31, 31, 15, 16, 1, 1, 1, 1, 17, 1, 
1, 1, 1, 30, 31, 31, 31, 31, 31, 31, 31, 31, 31, 31, 31, 31
 },
{ 31, 31, 31, 31, 31, 31, 31, 31, 31, 32, 1, 1, 1, 1, 17, 1, 
1, 1, 1, 30, 31, 31, 31, 31, 31, 31, 31, 31, 31, 31, 31, 31
 },
{ 31, 31, 31, 31, 31, 31, 31, 31, 31, 31, 15, 15, 15, 16, 17, 1, 
14, 15, 15, 31, 31, 31, 31, 31, 31, 31, 31, 31, 31, 31, 31, 31
 },
{ 31, 31, 31, 31, 31, 31, 31, 31, 31, 31, 31, 31, 31, 32, 17, 14, 
31, 31, 31, 31, 31, 31, 31, 31, 31, 31, 31, 31, 31, 31, 31, 31
 },
{ 31, 31, 31, 31, 31, 31, 31, 31, 31, 31, 31, 31, 31, 32, 17, 46, 
31, 31, 31, 31, 31, 31, 31, 31, 31, 31, 31, 31, 31, 31, 31, 31
 },
{ 31, 31, 31, 31, 31, 31, 31, 31, 31, 31, 31, 31, 31, 48, 17, 14, 
31, 31, 31, 31, 31, 31, 31, 31, 31, 31, 31, 31, 31, 31, 31, 31
 },
{ 31, 31, 31, 31, 31, 31, 31, 31, 31, 31, 31, 31, 48, 64, 17, 30, 
31, 31, 31, 31, 31, 31, 31, 31, 31, 31, 31, 31, 31, 31, 31, 31
 },
{ 31, 31, 31, 31, 31, 31, 31, 31, 31, 31, 31, 31, 31, 16, 17, 30, 
31, 31, 31, 31, 31, 31, 31, 31, 31, 31, 31, 31, 31, 31, 31, 31
 },
{ 31, 31, 31, 31, 31, 31, 31, 31, 31, 31, 31, 31, 31, 48, 17, 46, 
31, 31, 31, 31, 31, 31, 31, 31, 31, 31, 31, 31, 31, 31, 31, 31
 }
};

