const short reuben1leftfinala_map[15][36] = {
{ 26, 26, 26, 26, 26, 26, 26, 26, 26, 26, 26, 26, 50, 26, 26, 26, 
50, 26, 26, 26, 50, 26, 26, 26, 50, 26, 26, 26, 26, 26, 26, 26, 
26, 26, 26, 26 },
{ 26, 26, 26, 26, 26, 26, 26, 26, 26, 26, 26, 26, 33, 10, 10, 10, 
33, 10, 10, 10, 33, 10, 10, 10, 33, 26, 26, 26, 26, 26, 26, 26, 
26, 26, 26, 26 },
{ 26, 26, 26, 26, 26, 26, 26, 26, 26, 26, 26, 42, 29, 44, 26, 42, 
29, 44, 26, 42, 29, 44, 26, 42, 29, 44, 26, 26, 26, 26, 26, 26, 
26, 26, 26, 26 },
{ 26, 26, 26, 26, 26, 26, 26, 26, 26, 26, 26, 58, 1, 60, 26, 58, 
1, 60, 26, 58, 1, 60, 26, 58, 1, 60, 26, 26, 26, 26, 26, 26, 
26, 26, 26, 26 },
{ 26, 26, 26, 26, 26, 26, 26, 26, 26, 26, 26, 74, 91, 76, 26, 74, 
91, 76, 26, 74, 91, 76, 26, 74, 91, 76, 26, 26, 26, 26, 26, 26, 
26, 26, 26, 26 },
{ 26, 26, 42, 107, 107, 107, 107, 107, 107, 107, 107, 107, 107, 107, 107, 107, 
107, 107, 107, 107, 107, 107, 107, 107, 107, 107, 107, 107, 107, 107, 107, 107, 
107, 107, 107, 107 },
{ 26, 42, 108, 123, 123, 123, 123, 123, 123, 123, 123, 123, 123, 123, 123, 123, 
123, 123, 123, 123, 123, 123, 123, 123, 123, 123, 123, 123, 123, 123, 123, 123, 
123, 123, 123, 123 },
{ 26, 58, 124, 33, 33, 65, 33, 33, 33, 128, 33, 1, 17, 1, 33, 1, 
17, 1, 33, 1, 17, 1, 33, 1, 17, 1, 33, 33, 33, 33, 33, 33, 
33, 33, 33, 33 },
{ 26, 74, 92, 128, 33, 33, 33, 128, 33, 33, 33, 1, 17, 1, 33, 1, 
17, 1, 33, 1, 17, 1, 33, 1, 17, 1, 33, 33, 33, 33, 33, 33, 
33, 33, 33, 33 },
{ 26, 26, 74, 91, 91, 91, 91, 91, 91, 91, 91, 91, 91, 91, 91, 91, 
91, 91, 91, 91, 91, 91, 91, 91, 91, 91, 91, 91, 91, 91, 91, 91, 
91, 91, 91, 91 },
{ 26, 26, 26, 26, 26, 26, 26, 26, 26, 26, 26, 26, 50, 26, 26, 26, 
50, 26, 26, 26, 50, 26, 26, 26, 50, 26, 26, 26, 26, 26, 26, 26, 
26, 26, 26, 26 },
{ 26, 26, 26, 26, 26, 26, 26, 26, 26, 26, 26, 26, 33, 10, 10, 10, 
33, 10, 10, 10, 33, 10, 10, 10, 33, 26, 26, 26, 26, 26, 26, 26, 
26, 26, 26, 26 },
{ 26, 26, 26, 26, 26, 26, 26, 26, 26, 26, 26, 42, 29, 44, 26, 42, 
29, 44, 26, 42, 29, 44, 26, 42, 29, 44, 26, 26, 26, 26, 26, 26, 
26, 26, 26, 26 },
{ 26, 26, 26, 26, 26, 26, 26, 26, 26, 26, 26, 58, 1, 60, 26, 58, 
1, 60, 26, 58, 1, 60, 26, 58, 1, 60, 26, 26, 26, 26, 26, 26, 
26, 26, 26, 26 },
{ 26, 26, 26, 26, 26, 26, 26, 26, 26, 26, 26, 74, 91, 76, 26, 74, 
91, 76, 26, 74, 91, 76, 26, 74, 91, 76, 26, 26, 26, 26, 26, 26, 
26, 26, 26, 26 }
};

