const short RQ1forestisland_map[100][71] = {
{ 51, 51, 51, 51, 51, 51, 51, 51, 51, 51, 51, 51, 51, 51, 51, 51, 
51, 51, 51, 51, 51, 51, 51, 51, 51, 51, 51, 51, 51, 51, 51, 51, 
51, 51, 51, 51, 51, 51, 51, 51, 51, 51, 51, 51, 51, 51, 51, 51, 
51, 51, 51, 51, 51, 51, 51, 51, 51, 51, 51, 51, 51, 51, 51, 51, 
51, 51, 51, 51, 51, 51, 51 },
{ 51, 51, 51, 51, 51, 51, 51, 51, 51, 51, 51, 51, 51, 51, 51, 51, 
51, 51, 51, 51, 51, 51, 51, 51, 51, 51, 51, 51, 51, 51, 51, 51, 
51, 51, 51, 51, 51, 51, 51, 51, 51, 51, 51, 51, 51, 51, 51, 51, 
51, 51, 51, 51, 51, 51, 51, 51, 51, 51, 51, 51, 51, 51, 51, 51, 
51, 51, 51, 51, 51, 51, 51 },
{ 51, 51, 51, 51, 51, 51, 51, 51, 51, 51, 51, 51, 51, 51, 51, 51, 
51, 51, 51, 51, 51, 51, 51, 51, 51, 51, 51, 51, 51, 51, 51, 51, 
51, 51, 51, 51, 51, 51, 51, 51, 51, 51, 51, 115, 1, 1, 1, 67, 
51, 51, 51, 51, 51, 51, 51, 51, 51, 51, 51, 51, 51, 51, 51, 51, 
51, 51, 51, 51, 51, 51, 51 },
{ 51, 51, 51, 51, 51, 51, 51, 51, 51, 51, 51, 51, 51, 51, 51, 51, 
51, 51, 51, 51, 51, 51, 51, 51, 51, 115, 14, 16, 67, 51, 51, 51, 
51, 115, 14, 15, 15, 16, 67, 51, 115, 14, 15, 15, 15, 15, 15, 16, 
67, 51, 51, 51, 51, 51, 51, 51, 51, 51, 51, 51, 51, 51, 51, 51, 
51, 51, 51, 51, 51, 51, 51 },
{ 51, 51, 51, 51, 51, 51, 51, 51, 51, 51, 51, 51, 51, 51, 51, 51, 
51, 51, 51, 51, 51, 51, 115, 14, 15, 15, 31, 31, 15, 15, 15, 15, 
15, 15, 31, 31, 31, 31, 15, 15, 15, 31, 31, 31, 31, 31, 31, 31, 
16, 67, 51, 51, 51, 51, 51, 51, 51, 51, 51, 51, 51, 51, 51, 51, 
51, 51, 51, 51, 51, 51, 51 },
{ 51, 51, 51, 51, 51, 51, 51, 51, 51, 51, 51, 51, 51, 51, 51, 51, 
51, 51, 115, 14, 15, 15, 15, 31, 31, 31, 31, 31, 31, 47, 47, 31, 
31, 47, 48, 46, 47, 47, 48, 46, 47, 47, 48, 46, 47, 31, 31, 31, 
31, 16, 67, 51, 51, 51, 51, 51, 51, 51, 51, 51, 51, 51, 51, 51, 
51, 51, 51, 51, 51, 51, 51 },
{ 51, 51, 51, 51, 51, 51, 51, 51, 51, 51, 51, 51, 51, 51, 51, 51, 
115, 1, 14, 31, 31, 31, 31, 31, 31, 31, 31, 47, 48, 63, 63, 46, 
48, 63, 64, 62, 63, 63, 64, 62, 63, 63, 64, 62, 63, 46, 31, 31, 
31, 31, 16, 67, 51, 51, 51, 51, 51, 51, 51, 51, 51, 51, 51, 51, 
51, 51, 51, 51, 51, 51, 51 },
{ 51, 51, 51, 51, 51, 51, 51, 51, 51, 51, 51, 51, 51, 51, 51, 51, 
14, 15, 31, 31, 31, 31, 31, 31, 31, 31, 32, 63, 64, 1, 1, 62, 
64, 1, 1, 1, 1, 1, 1, 1, 1, 1, 78, 79, 80, 62, 30, 31, 
31, 31, 31, 16, 51, 51, 51, 51, 51, 51, 51, 51, 51, 51, 51, 51, 
51, 51, 51, 51, 51, 51, 51 },
{ 51, 51, 51, 51, 51, 51, 51, 51, 51, 51, 51, 51, 51, 51, 51, 115, 
30, 31, 31, 31, 31, 31, 31, 31, 31, 31, 48, 1, 1, 1, 1, 1, 
1, 1, 1, 14, 15, 15, 16, 1, 84, 17, 94, 95, 96, 17, 46, 31, 
31, 31, 31, 31, 67, 51, 51, 51, 51, 51, 51, 51, 51, 51, 51, 51, 
51, 51, 51, 51, 51, 51, 51 },
{ 51, 51, 51, 51, 51, 51, 51, 51, 51, 51, 51, 51, 51, 51, 51, 14, 
31, 31, 31, 31, 31, 31, 31, 31, 31, 32, 64, 1, 1, 1, 1, 1, 
1, 1, 1, 46, 47, 47, 48, 1, 100, 17, 110, 82, 112, 17, 62, 46, 
47, 31, 31, 31, 16, 51, 51, 51, 51, 51, 51, 51, 51, 51, 51, 51, 
51, 51, 51, 51, 51, 51, 51 },
{ 51, 51, 51, 51, 51, 51, 51, 51, 51, 51, 51, 51, 51, 51, 115, 31, 
31, 31, 31, 31, 31, 31, 31, 31, 31, 32, 1, 1, 1, 1, 1, 1, 
1, 1, 1, 62, 63, 63, 64, 1, 5, 6, 24, 17, 17, 17, 1, 62, 
63, 31, 31, 31, 32, 51, 51, 51, 51, 51, 51, 51, 51, 51, 51, 51, 
51, 51, 51, 51, 51, 51, 51 },
{ 51, 51, 51, 51, 51, 51, 51, 51, 51, 51, 51, 51, 51, 115, 14, 31, 
31, 31, 31, 31, 31, 31, 31, 31, 31, 32, 1, 1, 1, 1, 1, 14, 
16, 1, 1, 1, 1, 1, 1, 1, 1, 1, 1, 17, 4, 6, 6, 46, 
15, 31, 31, 31, 32, 67, 51, 51, 51, 51, 51, 51, 51, 51, 51, 51, 
51, 51, 51, 51, 51, 51, 51 },
{ 51, 51, 51, 51, 51, 51, 51, 51, 51, 51, 51, 51, 51, 14, 31, 31, 
31, 31, 31, 31, 31, 31, 31, 31, 31, 32, 1, 1, 1, 1, 1, 30, 
31, 16, 1, 1, 1, 1, 1, 1, 1, 1, 1, 17, 1, 1, 1, 30, 
31, 31, 31, 31, 31, 16, 51, 51, 51, 51, 51, 51, 51, 51, 51, 51, 
51, 51, 51, 51, 51, 51, 51 },
{ 51, 51, 51, 51, 51, 51, 51, 51, 51, 51, 51, 51, 51, 30, 31, 31, 
31, 31, 31, 31, 31, 31, 31, 47, 47, 48, 1, 1, 1, 1, 1, 30, 
31, 32, 1, 1, 1, 17, 17, 17, 17, 17, 17, 17, 1, 1, 1, 30, 
31, 31, 31, 31, 31, 32, 51, 51, 51, 51, 51, 51, 51, 51, 51, 51, 
51, 51, 51, 51, 51, 51, 51 },
{ 51, 51, 51, 51, 51, 51, 51, 51, 51, 51, 51, 51, 115, 30, 31, 31, 
31, 31, 31, 31, 31, 47, 48, 63, 63, 64, 14, 15, 16, 1, 14, 31, 
31, 48, 1, 1, 1, 17, 1, 1, 1, 1, 1, 1, 1, 1, 14, 31, 
31, 31, 31, 31, 31, 32, 67, 51, 51, 51, 51, 51, 51, 51, 51, 51, 
51, 51, 51, 51, 51, 51, 51 },
{ 51, 51, 51, 51, 51, 51, 51, 51, 51, 51, 51, 51, 14, 31, 31, 31, 
31, 31, 31, 32, 48, 63, 64, 1, 1, 1, 46, 47, 48, 1, 30, 31, 
32, 64, 1, 1, 1, 17, 1, 1, 1, 1, 14, 15, 16, 1, 30, 31, 
31, 31, 31, 31, 31, 31, 16, 67, 51, 51, 51, 51, 51, 51, 51, 51, 
51, 51, 51, 51, 51, 51, 51 },
{ 51, 51, 51, 51, 51, 51, 51, 51, 51, 51, 51, 51, 30, 31, 31, 31, 
31, 31, 31, 48, 64, 1, 1, 1, 1, 1, 62, 63, 64, 1, 46, 31, 
32, 1, 1, 1, 1, 17, 1, 1, 1, 1, 30, 31, 32, 1, 30, 31, 
31, 31, 31, 31, 31, 31, 31, 16, 67, 51, 51, 51, 51, 51, 51, 51, 
51, 51, 51, 51, 51, 51, 51 },
{ 51, 51, 51, 51, 51, 51, 51, 51, 51, 51, 51, 51, 30, 31, 31, 31, 
31, 31, 32, 64, 1, 1, 1, 1, 1, 1, 1, 1, 1, 1, 62, 46, 
48, 1, 14, 16, 1, 17, 1, 1, 1, 1, 46, 47, 48, 1, 46, 31, 
31, 31, 31, 31, 31, 31, 31, 31, 16, 51, 51, 51, 51, 51, 51, 51, 
51, 51, 51, 51, 51, 51, 51 },
{ 51, 51, 51, 51, 51, 51, 51, 51, 51, 51, 51, 51, 30, 31, 31, 31, 
31, 47, 48, 1, 1, 1, 1, 14, 15, 16, 1, 1, 1, 1, 1, 62, 
64, 1, 46, 48, 1, 17, 1, 1, 1, 1, 62, 63, 64, 1, 62, 30, 
31, 31, 31, 31, 31, 31, 31, 31, 32, 67, 51, 51, 51, 51, 51, 51, 
51, 51, 51, 51, 51, 51, 51 },
{ 51, 51, 51, 51, 51, 51, 51, 51, 51, 51, 51, 51, 30, 31, 31, 31, 
31, 32, 64, 1, 1, 1, 1, 30, 31, 32, 1, 1, 1, 1, 1, 1, 
1, 1, 62, 64, 1, 17, 1, 1, 1, 1, 1, 1, 1, 1, 1, 30, 
31, 31, 31, 31, 31, 31, 31, 31, 31, 16, 51, 51, 51, 51, 51, 51, 
51, 51, 51, 51, 51, 51, 51 },
{ 51, 51, 51, 51, 51, 51, 51, 51, 51, 51, 51, 51, 30, 31, 31, 31, 
31, 32, 1, 1, 1, 1, 14, 31, 31, 31, 16, 1, 1, 1, 1, 1, 
17, 17, 17, 17, 17, 17, 14, 16, 1, 1, 1, 1, 1, 1, 1, 30, 
31, 31, 31, 31, 31, 31, 31, 31, 31, 32, 67, 51, 51, 51, 51, 51, 
51, 51, 51, 51, 51, 51, 51 },
{ 51, 51, 51, 51, 51, 51, 51, 51, 51, 51, 51, 51, 30, 31, 31, 31, 
31, 32, 1, 1, 1, 1, 30, 31, 47, 47, 48, 1, 1, 1, 1, 1, 
17, 1, 1, 1, 1, 1, 46, 48, 1, 1, 1, 1, 1, 1, 1, 30, 
31, 31, 31, 31, 31, 31, 31, 31, 31, 31, 16, 51, 51, 51, 51, 51, 
51, 51, 51, 51, 51, 51, 51 },
{ 51, 51, 51, 51, 51, 51, 51, 51, 51, 51, 51, 51, 30, 31, 31, 31, 
31, 32, 1, 1, 1, 1, 46, 48, 63, 63, 64, 1, 1, 1, 1, 1, 
17, 1, 14, 16, 1, 1, 62, 64, 1, 1, 1, 1, 1, 1, 14, 31, 
31, 31, 31, 31, 31, 31, 31, 31, 31, 31, 32, 67, 51, 51, 51, 51, 
51, 51, 51, 51, 51, 51, 51 },
{ 51, 51, 51, 51, 51, 51, 51, 51, 51, 51, 51, 51, 30, 31, 31, 31, 
31, 15, 16, 1, 1, 1, 62, 64, 1, 1, 1, 1, 1, 14, 15, 16, 
17, 1, 46, 48, 1, 1, 1, 1, 1, 14, 15, 16, 1, 1, 30, 31, 
31, 31, 31, 31, 31, 31, 31, 31, 31, 31, 31, 16, 51, 51, 51, 51, 
51, 51, 51, 51, 51, 51, 51 },
{ 51, 51, 51, 51, 51, 51, 51, 51, 51, 51, 51, 51, 30, 31, 31, 31, 
31, 31, 31, 16, 1, 1, 1, 1, 1, 1, 1, 14, 15, 31, 47, 48, 
17, 1, 62, 64, 1, 1, 1, 14, 15, 31, 47, 48, 1, 1, 30, 31, 
31, 31, 31, 31, 31, 31, 31, 31, 31, 31, 31, 32, 51, 51, 51, 51, 
51, 51, 51, 51, 51, 51, 51 },
{ 51, 51, 51, 51, 51, 51, 51, 51, 51, 51, 51, 51, 30, 31, 31, 31, 
31, 31, 31, 31, 15, 16, 1, 1, 1, 1, 1, 46, 47, 48, 63, 64, 
17, 1, 1, 1, 1, 1, 1, 30, 31, 31, 31, 15, 16, 14, 31, 31, 
31, 31, 31, 31, 31, 31, 31, 31, 31, 31, 31, 32, 51, 51, 51, 51, 
51, 51, 51, 51, 51, 51, 51 },
{ 51, 51, 51, 51, 51, 51, 51, 51, 51, 51, 51, 51, 30, 31, 31, 31, 
31, 47, 31, 31, 31, 31, 15, 16, 1, 1, 1, 62, 63, 64, 1, 1, 
17, 1, 1, 1, 1, 1, 14, 15, 31, 31, 31, 31, 32, 30, 31, 31, 
31, 31, 31, 31, 31, 31, 31, 31, 31, 31, 31, 32, 51, 51, 51, 51, 
51, 51, 51, 51, 51, 51, 51 },
{ 51, 51, 51, 51, 51, 51, 51, 51, 51, 51, 51, 51, 30, 31, 31, 31, 
31, 31, 31, 31, 31, 31, 31, 32, 15, 16, 1, 1, 1, 1, 1, 17, 
17, 1, 1, 1, 14, 15, 31, 31, 31, 31, 31, 31, 31, 30, 31, 31, 
31, 31, 31, 31, 31, 31, 31, 31, 31, 31, 31, 32, 51, 51, 51, 51, 
51, 51, 51, 51, 51, 51, 51 },
{ 51, 51, 51, 51, 51, 51, 51, 51, 51, 51, 51, 51, 30, 31, 31, 31, 
31, 31, 31, 31, 31, 31, 31, 31, 31, 15, 16, 1, 1, 1, 1, 17, 
1, 1, 1, 1, 30, 31, 31, 31, 31, 31, 31, 31, 31, 31, 31, 31, 
31, 31, 31, 31, 31, 31, 31, 31, 31, 31, 31, 32, 51, 51, 51, 51, 
51, 51, 51, 51, 51, 51, 51 },
{ 51, 51, 51, 51, 51, 51, 51, 51, 51, 51, 51, 51, 46, 31, 31, 31, 
31, 31, 31, 31, 31, 31, 31, 31, 31, 31, 32, 1, 1, 1, 1, 17, 
1, 1, 1, 1, 30, 31, 31, 31, 31, 31, 31, 31, 31, 31, 31, 31, 
31, 31, 31, 31, 31, 31, 31, 31, 31, 31, 31, 48, 51, 51, 51, 51, 
51, 51, 51, 51, 51, 51, 51 },
{ 51, 51, 51, 51, 51, 51, 51, 51, 51, 51, 51, 51, 62, 31, 31, 31, 
31, 31, 31, 31, 31, 31, 31, 31, 31, 31, 31, 15, 15, 15, 16, 17, 
1, 14, 15, 15, 31, 31, 31, 31, 31, 31, 31, 31, 31, 31, 31, 31, 
31, 31, 31, 31, 31, 31, 31, 31, 31, 47, 48, 64, 51, 51, 51, 51, 
51, 51, 51, 51, 51, 51, 51 },
{ 51, 51, 51, 51, 51, 51, 51, 51, 51, 51, 51, 51, 99, 30, 31, 31, 
31, 31, 31, 31, 31, 31, 31, 31, 31, 31, 31, 31, 31, 31, 32, 17, 
14, 31, 31, 31, 31, 31, 31, 31, 31, 31, 31, 31, 31, 31, 31, 31, 
31, 31, 31, 31, 31, 31, 31, 47, 48, 63, 64, 35, 51, 51, 51, 51, 
51, 51, 51, 51, 51, 51, 51 },
{ 51, 51, 51, 51, 51, 51, 51, 51, 51, 51, 51, 51, 51, 30, 31, 31, 
31, 31, 31, 31, 31, 31, 31, 31, 31, 31, 31, 31, 31, 31, 32, 17, 
46, 31, 31, 31, 31, 31, 31, 31, 31, 31, 31, 31, 31, 31, 31, 31, 
31, 31, 31, 31, 31, 31, 48, 63, 64, 35, 83, 51, 51, 51, 51, 51, 
51, 51, 51, 51, 51, 51, 51 },
{ 51, 51, 51, 51, 51, 51, 51, 51, 51, 51, 51, 51, 51, 30, 31, 31, 
31, 31, 31, 31, 31, 31, 31, 31, 31, 31, 31, 31, 31, 31, 48, 17, 
14, 31, 31, 31, 31, 31, 31, 31, 31, 31, 31, 31, 31, 31, 31, 31, 
31, 31, 31, 31, 31, 48, 64, 35, 83, 51, 51, 51, 51, 51, 51, 51, 
51, 51, 51, 51, 51, 51, 51 },
{ 51, 51, 51, 51, 51, 51, 51, 51, 51, 51, 51, 51, 51, 30, 31, 31, 
31, 31, 31, 31, 31, 31, 31, 31, 31, 31, 31, 31, 31, 48, 64, 17, 
30, 31, 31, 31, 31, 31, 31, 31, 31, 31, 31, 31, 31, 31, 31, 31, 
31, 31, 31, 31, 48, 64, 35, 51, 51, 51, 51, 51, 51, 51, 51, 51, 
51, 51, 51, 51, 51, 51, 51 },
{ 51, 51, 51, 51, 51, 51, 51, 51, 51, 51, 51, 51, 51, 30, 31, 31, 
31, 31, 31, 31, 31, 31, 31, 31, 31, 31, 31, 31, 31, 31, 16, 17, 
30, 31, 31, 31, 31, 31, 31, 31, 31, 31, 31, 31, 31, 31, 31, 31, 
31, 31, 31, 48, 64, 35, 51, 51, 51, 51, 51, 51, 51, 51, 51, 51, 
51, 51, 51, 51, 51, 51, 51 },
{ 51, 51, 51, 51, 51, 51, 51, 51, 51, 51, 51, 51, 51, 46, 31, 31, 
31, 31, 31, 31, 31, 31, 31, 31, 31, 31, 31, 31, 31, 31, 48, 17, 
46, 31, 31, 31, 31, 31, 31, 31, 31, 31, 31, 31, 31, 31, 31, 31, 
31, 31, 32, 64, 35, 51, 51, 51, 51, 51, 51, 51, 51, 51, 51, 51, 
51, 51, 51, 51, 51, 51, 51 },
{ 51, 51, 51, 51, 51, 51, 51, 51, 51, 51, 51, 51, 51, 62, 30, 31, 
31, 31, 31, 31, 31, 31, 31, 31, 31, 31, 31, 47, 47, 48, 64, 17, 
62, 46, 31, 31, 31, 31, 31, 31, 31, 31, 31, 31, 31, 31, 31, 31, 
31, 31, 32, 35, 51, 51, 51, 51, 51, 51, 51, 51, 51, 51, 51, 51, 
51, 51, 51, 51, 51, 51, 51 },
{ 51, 51, 51, 51, 51, 51, 51, 51, 51, 51, 51, 51, 51, 99, 46, 31, 
31, 31, 31, 31, 31, 31, 31, 31, 31, 31, 31, 32, 63, 64, 1, 17, 
1, 62, 46, 31, 31, 31, 31, 31, 31, 31, 31, 31, 31, 31, 31, 31, 
31, 31, 32, 51, 51, 51, 51, 51, 51, 51, 51, 51, 51, 51, 51, 51, 
51, 51, 51, 51, 51, 51, 51 },
{ 51, 51, 51, 51, 51, 51, 51, 51, 51, 51, 51, 51, 51, 51, 62, 46, 
47, 47, 47, 31, 31, 31, 26, 26, 26, 26, 26, 26, 26, 26, 26, 17, 
26, 26, 26, 26, 26, 26, 26, 26, 26, 31, 31, 31, 31, 31, 31, 31, 
31, 31, 31, 16, 67, 51, 115, 14, 15, 15, 15, 16, 67, 51, 51, 51, 
51, 51, 51, 51, 51, 51, 51 },
{ 51, 51, 51, 51, 51, 51, 51, 51, 51, 51, 51, 51, 51, 51, 99, 62, 
63, 63, 63, 30, 31, 32, 59, 28, 28, 28, 28, 28, 28, 28, 28, 49, 
28, 28, 28, 28, 28, 28, 28, 28, 43, 30, 31, 31, 31, 31, 31, 31, 
31, 31, 31, 31, 15, 15, 15, 31, 31, 31, 31, 31, 15, 16, 67, 51, 
51, 51, 51, 51, 51, 51, 51 },
{ 51, 51, 51, 51, 51, 51, 51, 51, 51, 51, 51, 51, 51, 51, 51, 83, 
83, 83, 99, 30, 31, 31, 15, 15, 15, 15, 15, 32, 28, 28, 28, 49, 
28, 28, 28, 28, 30, 15, 15, 15, 15, 31, 31, 31, 31, 31, 31, 31, 
31, 31, 31, 31, 31, 31, 31, 31, 31, 31, 31, 31, 31, 31, 32, 51, 
51, 51, 51, 51, 51, 51, 51 },
{ 51, 51, 51, 51, 51, 51, 51, 51, 51, 51, 51, 51, 51, 51, 51, 51, 
51, 51, 51, 30, 31, 31, 31, 31, 31, 31, 31, 31, 16, 1, 1, 17, 
1, 1, 1, 14, 31, 31, 31, 31, 31, 31, 31, 31, 31, 31, 31, 31, 
31, 31, 31, 31, 31, 31, 31, 31, 31, 31, 31, 31, 31, 31, 32, 51, 
51, 51, 51, 51, 51, 51, 51 },
{ 51, 51, 51, 51, 51, 51, 51, 51, 51, 51, 51, 51, 51, 51, 51, 51, 
51, 51, 51, 46, 31, 31, 31, 31, 31, 31, 31, 31, 31, 16, 1, 17, 
1, 1, 14, 31, 31, 31, 31, 31, 31, 31, 31, 31, 31, 31, 31, 31, 
31, 31, 31, 31, 31, 31, 31, 31, 31, 31, 31, 31, 31, 31, 32, 51, 
51, 51, 51, 51, 51, 51, 51 },
{ 51, 51, 51, 51, 51, 51, 51, 51, 51, 51, 51, 51, 51, 51, 51, 51, 
51, 51, 51, 62, 46, 47, 31, 31, 31, 31, 31, 47, 47, 47, 16, 17, 
1, 14, 31, 31, 31, 31, 31, 31, 31, 31, 31, 31, 31, 31, 31, 31, 
31, 31, 31, 31, 31, 31, 31, 31, 31, 31, 31, 31, 31, 31, 32, 51, 
51, 51, 51, 51, 51, 51, 51 },
{ 51, 51, 51, 51, 51, 51, 51, 51, 51, 51, 51, 51, 51, 51, 51, 51, 
51, 51, 51, 99, 62, 63, 46, 31, 31, 31, 32, 63, 63, 63, 64, 17, 
1, 46, 31, 31, 31, 31, 77, 91, 91, 91, 93, 31, 31, 31, 31, 31, 
31, 31, 31, 31, 31, 47, 31, 31, 31, 31, 31, 31, 31, 31, 32, 51, 
51, 51, 51, 51, 51, 51, 51 },
{ 51, 51, 51, 51, 51, 51, 51, 51, 51, 51, 51, 51, 51, 51, 51, 51, 
51, 51, 51, 51, 83, 99, 62, 30, 31, 31, 48, 17, 17, 17, 17, 17, 
1, 14, 31, 31, 31, 101, 60, 42, 107, 44, 58, 103, 31, 31, 31, 31, 
31, 31, 31, 31, 48, 46, 31, 31, 31, 31, 31, 32, 30, 31, 32, 51, 
51, 51, 51, 51, 51, 51, 51 },
{ 51, 51, 51, 51, 51, 51, 51, 51, 51, 51, 51, 51, 51, 51, 51, 51, 
51, 51, 51, 51, 51, 51, 99, 30, 31, 32, 64, 17, 14, 15, 16, 1, 
14, 31, 31, 31, 31, 104, 106, 108, 49, 106, 108, 105, 31, 31, 31, 31, 
31, 31, 31, 32, 15, 15, 31, 31, 47, 31, 31, 48, 30, 31, 48, 51, 
51, 51, 51, 51, 51, 51, 51 },
{ 51, 51, 51, 51, 51, 51, 51, 51, 51, 51, 51, 51, 51, 51, 51, 51, 
51, 51, 51, 51, 51, 51, 51, 30, 31, 31, 16, 17, 30, 31, 32, 14, 
31, 31, 31, 31, 31, 104, 122, 124, 17, 122, 124, 57, 102, 102, 102, 102, 
102, 102, 102, 102, 102, 102, 102, 102, 103, 30, 48, 64, 46, 48, 64, 51, 
51, 51, 51, 51, 51, 51, 51 },
{ 51, 51, 51, 51, 51, 51, 51, 51, 51, 51, 51, 51, 51, 51, 51, 51, 
51, 51, 51, 51, 51, 51, 51, 30, 31, 31, 32, 17, 46, 47, 48, 46, 
47, 47, 47, 31, 31, 52, 56, 126, 17, 126, 57, 23, 17, 17, 17, 17, 
17, 17, 17, 17, 17, 17, 17, 17, 105, 32, 64, 1, 62, 64, 1, 51, 
51, 51, 51, 51, 51, 51, 51 },
{ 51, 51, 51, 51, 51, 51, 51, 51, 51, 51, 51, 51, 51, 51, 51, 51, 
51, 51, 51, 51, 51, 51, 51, 30, 31, 31, 32, 17, 62, 63, 64, 62, 
63, 63, 63, 46, 31, 52, 56, 75, 17, 75, 89, 17, 17, 84, 84, 84, 
17, 17, 57, 24, 85, 86, 87, 17, 105, 31, 16, 1, 1, 1, 1, 51, 
51, 51, 51, 51, 51, 51, 51 },
{ 51, 51, 51, 51, 51, 51, 51, 51, 51, 51, 51, 51, 51, 51, 51, 51, 
51, 51, 51, 51, 51, 51, 115, 30, 31, 31, 32, 17, 17, 17, 17, 17, 
17, 17, 17, 62, 30, 52, 56, 84, 17, 17, 89, 17, 57, 22, 56, 57, 
22, 22, 23, 85, 87, 17, 89, 17, 105, 31, 31, 16, 1, 1, 35, 51, 
51, 51, 51, 51, 51, 51, 51 },
{ 51, 51, 51, 51, 51, 51, 51, 51, 51, 51, 51, 51, 51, 51, 51, 51, 
51, 51, 51, 51, 115, 14, 15, 31, 31, 31, 31, 16, 14, 16, 14, 15, 
15, 16, 17, 1, 30, 52, 52, 56, 17, 57, 23, 17, 89, 17, 88, 89, 
17, 17, 17, 88, 57, 22, 23, 17, 105, 31, 31, 32, 1, 35, 51, 51, 
51, 51, 51, 51, 51, 51, 51 },
{ 51, 51, 51, 51, 51, 51, 51, 51, 51, 51, 51, 51, 51, 51, 51, 51, 
51, 51, 51, 115, 14, 31, 31, 31, 31, 31, 31, 47, 47, 47, 47, 47, 
48, 64, 17, 1, 30, 52, 52, 56, 17, 57, 56, 17, 89, 17, 88, 89, 
17, 17, 17, 52, 52, 85, 87, 17, 105, 31, 47, 48, 35, 51, 51, 51, 
51, 51, 51, 51, 51, 51, 51 },
{ 51, 51, 51, 51, 51, 51, 51, 51, 51, 51, 51, 51, 51, 51, 51, 115, 
14, 15, 15, 15, 31, 31, 31, 31, 31, 31, 48, 63, 63, 63, 63, 63, 
64, 17, 17, 14, 31, 15, 52, 56, 17, 84, 87, 17, 89, 17, 88, 89, 
17, 17, 17, 21, 23, 21, 23, 17, 105, 31, 16, 64, 51, 51, 51, 51, 
51, 51, 51, 51, 51, 51, 51 },
{ 51, 51, 51, 51, 51, 51, 51, 51, 51, 51, 51, 51, 51, 51, 115, 14, 
31, 31, 31, 31, 31, 31, 31, 31, 31, 32, 64, 17, 17, 17, 17, 17, 
17, 17, 14, 31, 31, 32, 52, 56, 17, 57, 23, 17, 89, 17, 21, 23, 
17, 17, 17, 17, 17, 17, 17, 17, 105, 31, 31, 16, 51, 51, 51, 51, 
51, 51, 51, 51, 51, 51, 51 },
{ 51, 51, 51, 51, 51, 51, 51, 51, 51, 51, 51, 51, 51, 115, 14, 31, 
31, 31, 31, 31, 31, 31, 31, 31, 31, 32, 1, 17, 14, 15, 15, 15, 
15, 15, 31, 31, 31, 32, 52, 56, 17, 57, 56, 17, 89, 17, 17, 17, 
17, 17, 85, 87, 86, 86, 86, 86, 86, 102, 103, 48, 51, 51, 51, 51, 
51, 51, 51, 51, 51, 51, 51 },
{ 51, 51, 51, 51, 51, 51, 51, 51, 51, 51, 51, 51, 115, 14, 31, 31, 
31, 31, 31, 31, 31, 31, 31, 31, 31, 32, 1, 17, 46, 47, 47, 47, 
47, 31, 31, 31, 31, 31, 15, 104, 17, 57, 56, 17, 89, 17, 85, 87, 
17, 17, 88, 89, 17, 17, 17, 17, 17, 17, 116, 64, 51, 51, 51, 51, 
51, 51, 51, 51, 51, 51, 51 },
{ 51, 51, 51, 51, 51, 51, 51, 51, 51, 51, 115, 14, 15, 31, 31, 31, 
31, 31, 31, 31, 31, 31, 31, 31, 31, 32, 1, 17, 62, 63, 63, 63, 
63, 46, 31, 31, 31, 31, 31, 104, 17, 85, 87, 17, 89, 17, 88, 89, 
17, 17, 88, 89, 17, 84, 84, 84, 84, 17, 116, 35, 51, 51, 51, 51, 
51, 51, 51, 51, 51, 51, 51 },
{ 51, 51, 51, 51, 51, 51, 51, 51, 51, 51, 14, 31, 30, 31, 31, 31, 
31, 31, 31, 31, 31, 31, 31, 31, 31, 31, 16, 17, 17, 17, 17, 17, 
17, 62, 30, 31, 31, 31, 31, 104, 17, 88, 89, 17, 89, 17, 88, 89, 
17, 17, 88, 89, 17, 89, 22, 22, 24, 17, 116, 67, 51, 51, 51, 51, 
51, 51, 51, 51, 51, 51, 51 },
{ 51, 51, 51, 51, 51, 51, 51, 51, 51, 51, 30, 31, 31, 31, 47, 47, 
47, 47, 47, 47, 47, 31, 31, 31, 31, 31, 31, 15, 15, 15, 15, 16, 
17, 14, 47, 31, 31, 31, 31, 104, 17, 52, 52, 17, 89, 17, 88, 89, 
17, 17, 88, 89, 17, 89, 17, 17, 17, 17, 105, 16, 51, 51, 51, 51, 
51, 51, 51, 51, 51, 51, 51 },
{ 51, 51, 51, 51, 51, 51, 51, 51, 51, 51, 30, 31, 31, 32, 63, 63, 
63, 63, 63, 63, 63, 46, 31, 31, 31, 31, 31, 31, 31, 31, 31, 48, 
17, 62, 63, 46, 31, 31, 31, 104, 17, 21, 23, 17, 89, 17, 88, 89, 
17, 17, 88, 89, 17, 89, 17, 17, 17, 17, 105, 48, 51, 51, 51, 51, 
51, 51, 51, 51, 51, 51, 51 },
{ 51, 51, 51, 51, 51, 51, 51, 51, 51, 115, 30, 31, 31, 32, 1, 1, 
1, 1, 1, 1, 1, 62, 46, 31, 31, 31, 31, 31, 48, 46, 48, 64, 
17, 1, 1, 62, 30, 31, 31, 104, 17, 17, 17, 17, 89, 18, 88, 89, 
17, 17, 21, 23, 17, 89, 17, 84, 84, 84, 116, 64, 51, 51, 51, 51, 
51, 51, 51, 51, 51, 51, 51 },
{ 51, 51, 51, 51, 51, 51, 51, 51, 115, 14, 31, 31, 31, 32, 1, 35, 
83, 83, 83, 99, 1, 1, 62, 46, 47, 47, 47, 48, 64, 62, 64, 1, 
17, 1, 66, 1, 30, 15, 31, 52, 52, 56, 17, 17, 85, 86, 87, 89, 
17, 17, 17, 17, 17, 89, 17, 57, 52, 52, 52, 35, 51, 51, 51, 51, 
51, 51, 51, 51, 51, 51, 51 },
{ 51, 51, 51, 51, 51, 51, 51, 115, 14, 31, 31, 31, 31, 32, 1, 51, 
51, 51, 51, 51, 99, 1, 1, 62, 63, 63, 63, 64, 1, 1, 1, 1, 
17, 1, 1, 1, 30, 31, 30, 52, 53, 87, 17, 17, 88, 17, 116, 14, 
32, 87, 17, 84, 84, 89, 17, 57, 52, 52, 52, 51, 51, 51, 51, 51, 
51, 51, 51, 51, 51, 51, 51 },
{ 51, 51, 51, 51, 51, 51, 115, 14, 31, 31, 31, 31, 31, 32, 1, 51, 
51, 51, 51, 51, 115, 1, 1, 1, 1, 1, 1, 1, 1, 1, 1, 1, 
17, 1, 1, 14, 31, 31, 32, 53, 52, 52, 17, 17, 21, 52, 7, 46, 
48, 89, 17, 89, 52, 23, 17, 57, 52, 52, 7, 67, 51, 51, 51, 51, 
51, 51, 51, 51, 51, 51, 51 },
{ 51, 51, 51, 51, 51, 115, 14, 31, 31, 31, 31, 31, 31, 32, 1, 67, 
51, 51, 51, 115, 1, 1, 1, 14, 15, 15, 15, 16, 1, 1, 1, 1, 
17, 14, 15, 15, 31, 31, 101, 88, 21, 23, 84, 84, 57, 52, 56, 62, 
64, 89, 17, 89, 24, 17, 17, 57, 83, 83, 99, 1, 67, 51, 51, 51, 
51, 51, 51, 51, 51, 51, 51 },
{ 51, 51, 51, 51, 51, 14, 31, 31, 31, 31, 31, 31, 31, 32, 1, 1, 
1, 81, 1, 1, 1, 1, 14, 31, 31, 31, 31, 31, 16, 1, 1, 1, 
17, 30, 31, 101, 102, 102, 88, 21, 52, 52, 52, 52, 23, 52, 21, 52, 
52, 23, 84, 89, 17, 17, 17, 116, 67, 51, 51, 99, 83, 51, 51, 51, 
51, 51, 51, 51, 51, 51, 51 },
{ 51, 51, 51, 51, 51, 30, 31, 31, 31, 31, 31, 31, 31, 31, 15, 15, 
15, 15, 15, 15, 15, 15, 31, 31, 31, 31, 31, 31, 31, 16, 1, 1, 
17, 46, 47, 104, 84, 84, 21, 52, 52, 52, 52, 52, 52, 52, 52, 52, 
52, 52, 52, 52, 17, 17, 17, 85, 87, 51, 51, 51, 51, 51, 51, 51, 
51, 51, 51, 51, 51, 51, 51 },
{ 51, 51, 51, 51, 51, 30, 31, 31, 31, 31, 31, 31, 31, 31, 31, 31, 
31, 31, 31, 31, 31, 31, 31, 31, 31, 31, 47, 47, 47, 48, 1, 1, 
17, 85, 70, 21, 22, 22, 22, 22, 22, 22, 52, 52, 52, 52, 52, 52, 
52, 52, 52, 23, 17, 17, 17, 21, 23, 54, 71, 51, 51, 51, 51, 51, 
51, 51, 51, 51, 51, 51, 51 },
{ 51, 51, 51, 51, 51, 30, 31, 31, 31, 31, 31, 31, 31, 31, 31, 31, 
31, 31, 31, 31, 31, 31, 31, 31, 31, 32, 63, 63, 63, 64, 1, 1, 
17, 88, 17, 17, 17, 17, 17, 17, 17, 17, 21, 52, 52, 98, 52, 52, 
52, 52, 52, 52, 22, 24, 113, 17, 17, 18, 57, 51, 51, 51, 51, 51, 
51, 51, 51, 51, 51, 51, 51 },
{ 51, 51, 51, 51, 51, 30, 31, 31, 31, 31, 31, 31, 31, 31, 31, 31, 
31, 31, 31, 31, 31, 31, 31, 31, 31, 32, 1, 78, 79, 80, 14, 16, 
17, 100, 84, 17, 84, 84, 84, 84, 84, 17, 17, 21, 23, 17, 21, 22, 
22, 22, 22, 24, 17, 17, 17, 57, 52, 52, 52, 51, 51, 51, 51, 51, 
51, 51, 51, 51, 51, 51, 51 },
{ 51, 51, 51, 51, 51, 30, 31, 31, 31, 31, 31, 31, 31, 31, 31, 31, 
31, 31, 31, 31, 31, 31, 31, 31, 31, 31, 16, 94, 95, 96, 46, 48, 
17, 5, 8, 17, 4, 6, 6, 6, 56, 84, 17, 17, 17, 17, 57, 56, 
17, 17, 17, 17, 17, 17, 84, 116, 4, 6, 7, 51, 51, 51, 51, 51, 
51, 51, 51, 51, 51, 51, 51 },
{ 51, 51, 51, 51, 115, 30, 31, 31, 31, 31, 31, 31, 31, 31, 31, 31, 
31, 31, 31, 31, 31, 31, 31, 31, 31, 31, 48, 110, 82, 112, 62, 64, 
17, 17, 17, 17, 1, 1, 1, 1, 5, 56, 84, 84, 84, 84, 57, 56, 
84, 84, 84, 17, 17, 20, 6, 7, 14, 16, 83, 51, 51, 51, 51, 51, 
51, 51, 51, 51, 51, 51, 51 },
{ 51, 51, 51, 51, 14, 31, 31, 31, 31, 31, 31, 31, 31, 31, 31, 31, 
31, 31, 31, 31, 31, 31, 31, 31, 31, 32, 64, 1, 17, 17, 17, 17, 
17, 1, 1, 1, 14, 15, 16, 1, 1, 5, 6, 6, 6, 6, 7, 5, 
6, 6, 8, 1, 14, 15, 15, 16, 46, 48, 51, 51, 51, 51, 51, 51, 
51, 51, 51, 51, 51, 51, 51 },
{ 51, 51, 51, 51, 30, 31, 31, 31, 31, 31, 31, 31, 31, 31, 31, 31, 
31, 31, 31, 31, 31, 31, 31, 31, 31, 31, 16, 1, 1, 14, 16, 1, 
1, 1, 14, 15, 31, 31, 31, 16, 1, 1, 1, 1, 1, 1, 1, 1, 
1, 1, 1, 1, 30, 31, 31, 32, 62, 64, 51, 51, 51, 51, 51, 51, 
51, 51, 51, 51, 51, 51, 51 },
{ 51, 51, 51, 51, 30, 31, 31, 31, 31, 31, 31, 31, 31, 31, 31, 31, 
31, 31, 31, 31, 31, 31, 31, 31, 31, 31, 31, 16, 14, 31, 31, 15, 
16, 14, 30, 31, 31, 31, 31, 32, 14, 15, 15, 15, 16, 14, 15, 15, 
15, 15, 16, 1, 30, 31, 31, 32, 1, 35, 51, 51, 51, 51, 51, 51, 
51, 51, 51, 51, 51, 51, 51 },
{ 51, 51, 51, 51, 30, 31, 31, 31, 31, 31, 31, 31, 31, 31, 31, 31, 
31, 47, 47, 47, 47, 47, 48, 77, 91, 93, 47, 47, 77, 93, 91, 91, 
77, 93, 48, 46, 77, 91, 93, 48, 46, 47, 47, 48, 46, 47, 47, 31, 
31, 31, 32, 1, 62, 46, 47, 48, 35, 51, 51, 51, 51, 51, 51, 51, 
51, 51, 51, 51, 51, 51, 51 },
{ 51, 51, 51, 115, 30, 31, 31, 31, 31, 31, 31, 31, 31, 31, 31, 31, 
32, 63, 63, 63, 63, 63, 64, 60, 26, 58, 63, 77, 109, 126, 26, 26, 
126, 125, 93, 62, 60, 26, 58, 64, 62, 63, 63, 64, 62, 63, 63, 46, 
31, 31, 32, 1, 1, 62, 63, 64, 67, 51, 51, 51, 51, 51, 51, 51, 
51, 51, 51, 51, 51, 51, 51 },
{ 51, 51, 51, 14, 31, 31, 31, 31, 31, 31, 31, 31, 31, 31, 31, 31, 
32, 57, 22, 52, 52, 52, 22, 109, 111, 125, 77, 109, 59, 75, 26, 26, 
75, 43, 125, 93, 109, 111, 125, 22, 52, 52, 52, 22, 56, 17, 17, 62, 
46, 47, 48, 1, 1, 1, 35, 99, 1, 51, 51, 51, 51, 51, 51, 51, 
51, 51, 51, 51, 51, 51, 51 },
{ 51, 51, 51, 30, 31, 31, 31, 31, 31, 31, 31, 31, 31, 31, 31, 31, 
32, 89, 17, 57, 6, 56, 17, 59, 28, 43, 109, 59, 109, 75, 111, 111, 
75, 125, 43, 125, 59, 28, 43, 17, 57, 6, 56, 17, 88, 17, 17, 17, 
62, 63, 64, 1, 1, 35, 51, 67, 35, 51, 51, 51, 51, 51, 51, 51, 
51, 51, 51, 51, 51, 51, 51 },
{ 51, 51, 115, 30, 31, 31, 31, 31, 31, 31, 31, 31, 31, 31, 31, 31, 
32, 89, 17, 126, 83, 126, 17, 59, 28, 43, 59, 109, 59, 75, 28, 28, 
75, 43, 125, 43, 59, 28, 43, 17, 126, 83, 126, 17, 88, 17, 17, 1, 
1, 1, 1, 1, 1, 67, 51, 83, 51, 51, 51, 51, 51, 51, 51, 51, 
51, 51, 51, 51, 51, 51, 51 },
{ 51, 51, 14, 31, 31, 31, 31, 31, 31, 31, 31, 31, 31, 31, 31, 31, 
32, 89, 17, 75, 51, 75, 17, 59, 28, 43, 17, 59, 109, 75, 114, 23, 
75, 125, 43, 17, 59, 28, 43, 17, 75, 51, 75, 17, 88, 17, 1, 14, 
15, 15, 15, 15, 15, 16, 51, 51, 51, 51, 51, 51, 51, 51, 51, 51, 
51, 51, 51, 51, 51, 51, 51 },
{ 51, 51, 30, 31, 31, 31, 31, 31, 31, 31, 31, 31, 31, 31, 31, 31, 
32, 89, 17, 116, 51, 100, 17, 59, 28, 43, 17, 17, 59, 43, 17, 17, 
59, 43, 17, 17, 59, 28, 43, 17, 116, 51, 100, 17, 88, 17, 1, 30, 
31, 31, 31, 31, 31, 32, 51, 51, 51, 51, 51, 51, 51, 51, 51, 51, 
51, 51, 51, 51, 51, 51, 51 },
{ 51, 51, 30, 31, 31, 31, 31, 31, 31, 31, 31, 31, 31, 31, 31, 31, 
32, 89, 17, 126, 51, 126, 17, 17, 17, 17, 17, 17, 17, 126, 17, 17, 
126, 17, 17, 17, 17, 17, 17, 17, 126, 51, 126, 17, 88, 17, 1, 30, 
31, 31, 31, 31, 31, 32, 51, 51, 51, 51, 51, 51, 51, 51, 51, 51, 
51, 51, 51, 51, 51, 51, 51 },
{ 51, 51, 30, 31, 31, 31, 31, 31, 31, 31, 31, 31, 31, 31, 31, 31, 
32, 89, 17, 75, 51, 75, 17, 17, 17, 17, 17, 17, 17, 75, 17, 17, 
75, 17, 17, 17, 17, 17, 17, 17, 75, 51, 75, 17, 88, 17, 1, 30, 
31, 31, 31, 31, 31, 32, 51, 51, 51, 51, 51, 51, 51, 51, 51, 51, 
51, 51, 51, 51, 51, 51, 51 },
{ 51, 51, 30, 31, 31, 31, 31, 31, 31, 31, 31, 31, 31, 31, 31, 47, 
48, 89, 17, 116, 51, 100, 17, 126, 17, 17, 17, 17, 20, 126, 17, 17, 
126, 17, 85, 87, 17, 17, 126, 17, 116, 51, 100, 17, 88, 17, 1, 30, 
31, 31, 31, 31, 31, 48, 51, 51, 51, 51, 51, 51, 51, 51, 51, 51, 
51, 51, 51, 51, 51, 51, 51 },
{ 51, 51, 46, 31, 31, 31, 31, 31, 31, 31, 31, 31, 31, 31, 31, 15, 
32, 89, 17, 126, 51, 100, 84, 75, 17, 17, 113, 17, 17, 75, 17, 17, 
75, 17, 21, 24, 17, 17, 75, 84, 116, 51, 126, 17, 88, 17, 1, 30, 
31, 31, 31, 31, 48, 64, 51, 51, 51, 51, 51, 51, 51, 51, 51, 51, 
51, 51, 51, 51, 51, 51, 51 },
{ 51, 51, 62, 30, 31, 31, 31, 31, 31, 31, 31, 31, 31, 31, 31, 47, 
48, 89, 17, 75, 51, 5, 6, 6, 6, 6, 6, 6, 6, 56, 17, 17, 
57, 6, 6, 6, 6, 6, 6, 6, 7, 51, 75, 17, 88, 17, 1, 46, 
31, 31, 31, 48, 64, 35, 51, 51, 51, 51, 51, 51, 51, 51, 51, 51, 
51, 51, 51, 51, 51, 51, 51 },
{ 51, 51, 99, 30, 31, 31, 31, 31, 31, 31, 31, 31, 31, 31, 32, 63, 
64, 85, 87, 89, 51, 83, 83, 83, 83, 83, 83, 83, 83, 56, 17, 17, 
57, 83, 83, 83, 83, 83, 83, 83, 83, 51, 88, 85, 54, 87, 1, 62, 
30, 31, 48, 64, 35, 51, 51, 51, 51, 51, 51, 51, 51, 51, 51, 51, 
51, 51, 51, 51, 51, 51, 51 },
{ 51, 51, 51, 46, 31, 31, 31, 31, 31, 31, 31, 31, 31, 31, 32, 66, 
1, 5, 7, 86, 86, 86, 86, 86, 86, 86, 86, 86, 86, 86, 17, 17, 
86, 86, 86, 86, 86, 86, 86, 86, 86, 86, 17, 5, 6, 7, 1, 1, 
30, 48, 64, 35, 51, 51, 51, 51, 51, 51, 51, 51, 51, 51, 51, 51, 
51, 51, 51, 51, 51, 51, 51 },
{ 51, 51, 51, 62, 30, 31, 31, 31, 31, 31, 31, 31, 31, 31, 31, 16, 
1, 1, 1, 17, 17, 17, 17, 17, 17, 17, 17, 17, 17, 17, 17, 17, 
17, 17, 17, 17, 17, 17, 17, 17, 17, 17, 17, 1, 1, 1, 1, 14, 
32, 64, 35, 51, 51, 51, 51, 51, 51, 51, 51, 51, 51, 51, 51, 51, 
51, 51, 51, 51, 51, 51, 51 },
{ 51, 51, 51, 99, 30, 31, 31, 31, 31, 31, 31, 31, 31, 31, 31, 31, 
15, 15, 15, 16, 14, 15, 15, 15, 15, 15, 15, 15, 15, 15, 15, 15, 
15, 15, 16, 14, 15, 15, 15, 15, 15, 15, 15, 15, 15, 15, 15, 31, 
32, 35, 51, 51, 51, 51, 51, 51, 51, 51, 51, 51, 51, 51, 51, 51, 
51, 51, 51, 51, 51, 51, 51 },
{ 51, 51, 51, 51, 46, 31, 31, 31, 31, 31, 31, 31, 31, 31, 31, 31, 
31, 31, 31, 31, 31, 31, 31, 31, 31, 31, 31, 31, 31, 31, 31, 31, 
31, 31, 31, 31, 31, 31, 31, 31, 31, 31, 31, 31, 31, 31, 31, 47, 
48, 51, 51, 51, 51, 51, 51, 51, 51, 51, 51, 51, 51, 51, 51, 51, 
51, 51, 51, 51, 51, 51, 51 },
{ 51, 51, 51, 51, 62, 30, 31, 31, 31, 31, 31, 31, 31, 31, 31, 31, 
31, 31, 31, 31, 31, 31, 31, 31, 31, 31, 31, 31, 31, 31, 31, 31, 
31, 31, 31, 31, 31, 31, 31, 31, 31, 31, 31, 47, 47, 47, 48, 63, 
64, 51, 51, 51, 51, 51, 51, 51, 51, 51, 51, 51, 51, 51, 51, 51, 
51, 51, 51, 51, 51, 51, 51 },
{ 51, 51, 51, 51, 99, 46, 47, 31, 31, 31, 31, 31, 31, 31, 31, 31, 
31, 31, 31, 31, 31, 31, 47, 47, 47, 47, 47, 47, 47, 47, 47, 47, 
47, 47, 47, 47, 47, 47, 47, 47, 47, 47, 48, 63, 63, 63, 64, 1, 
35, 51, 51, 51, 51, 51, 51, 51, 51, 51, 51, 51, 51, 51, 51, 51, 
51, 51, 51, 51, 51, 51, 51 },
{ 51, 51, 51, 51, 51, 62, 63, 46, 47, 47, 47, 31, 31, 31, 47, 47, 
47, 47, 47, 47, 47, 48, 63, 63, 63, 63, 63, 63, 63, 63, 63, 63, 
63, 63, 63, 63, 63, 63, 63, 63, 63, 63, 64, 35, 83, 83, 83, 83, 
51, 51, 51, 51, 51, 51, 51, 51, 51, 51, 51, 51, 51, 51, 51, 51, 
51, 51, 51, 51, 51, 51, 51 },
{ 51, 51, 51, 51, 51, 83, 99, 62, 63, 63, 63, 46, 47, 48, 63, 63, 
63, 63, 63, 63, 63, 64, 35, 83, 83, 83, 83, 83, 83, 83, 83, 83, 
83, 83, 83, 83, 83, 83, 83, 83, 83, 83, 83, 51, 51, 51, 51, 51, 
51, 51, 51, 51, 51, 51, 51, 51, 51, 51, 51, 51, 51, 51, 51, 51, 
51, 51, 51, 51, 51, 51, 51 },
{ 51, 51, 51, 51, 51, 51, 51, 83, 83, 83, 99, 62, 63, 64, 35, 83, 
83, 83, 83, 83, 83, 83, 51, 51, 51, 51, 51, 51, 51, 51, 51, 51, 
51, 51, 51, 51, 51, 51, 51, 51, 51, 51, 51, 51, 51, 51, 51, 51, 
51, 51, 51, 51, 51, 51, 51, 51, 51, 51, 51, 51, 51, 51, 51, 51, 
51, 51, 51, 51, 51, 51, 51 },
{ 51, 51, 51, 51, 51, 51, 51, 51, 51, 51, 51, 83, 83, 83, 51, 51, 
51, 51, 51, 51, 51, 51, 51, 51, 51, 51, 51, 51, 51, 51, 51, 51, 
51, 51, 51, 51, 51, 51, 51, 51, 51, 51, 51, 51, 51, 51, 51, 51, 
51, 51, 51, 51, 51, 51, 51, 51, 51, 51, 51, 51, 51, 51, 51, 51, 
51, 51, 51, 51, 51, 51, 51 }
};

